1.183980338977833e+03
1.183938736706351e+03
1.183897133735243e+03
1.183855530764135e+03
1.183813927793027e+03
1.183772325171733e+03
1.183730720801370e+03
1.183689117480449e+03
1.183647513459900e+03
1.183605909089538e+03
1.183564305068989e+03
1.183522699999000e+03
1.183481094929011e+03
1.183439490208835e+03
1.183397884089406e+03
1.183356279719043e+03
1.183314673249800e+03
1.183273067480184e+03
1.183231460311314e+03
1.183189854541698e+03
1.183148247722641e+03
1.183106640553770e+03
1.183065034084527e+03
1.183023425866216e+03
1.182981818347533e+03
1.182940210479035e+03
1.182898602610538e+03
1.182856994042414e+03
1.182815385824103e+03
1.182773776556352e+03
1.182732167288601e+03
1.182690558370663e+03
1.182648949102911e+03
1.182607339135533e+03
1.182565729168155e+03
1.182524119200776e+03
1.182482508183957e+03
1.182440898216579e+03
1.182399287199760e+03
1.182357676182941e+03
1.182316065166122e+03
1.182274453099863e+03
1.182232841033604e+03
1.182191229666971e+03
1.182149617600712e+03
1.182108004485012e+03
1.182066392068939e+03
1.182024779303053e+03
1.181983165837539e+03
1.181941553071653e+03
1.181899938906512e+03
1.181858324741372e+03
1.181816710926045e+03
1.181775096760904e+03
1.181733482245950e+03
1.181691867031369e+03
1.181650252866229e+03
1.181608637301834e+03
1.181567021737440e+03
1.181525406173045e+03
1.181483789909023e+03
1.181442173994815e+03
1.181400557730794e+03
1.181358940767145e+03
1.181317324153310e+03
1.181275707189662e+03
1.181234090226013e+03
1.181192472212924e+03
1.181150854549649e+03
1.181109236536559e+03
1.181067618523470e+03
1.181026000160568e+03
1.180984381447852e+03
1.180942762385322e+03
1.180901143322792e+03
1.180859523910449e+03
1.180817904498106e+03
1.180776284735949e+03
1.180734664623979e+03
1.180693044162196e+03
1.180651424050225e+03
1.180609802539001e+03
1.180568182427031e+03
1.180526561265620e+03
1.180484939754396e+03
1.180443318243172e+03
1.180401695682507e+03
1.180360073821469e+03
1.180318451610618e+03
1.180276829399767e+03
1.180235206139475e+03
1.180193583228997e+03
1.180151960318518e+03
1.180110336358600e+03
1.180068713098308e+03
1.180027089488203e+03
1.179985464828657e+03
1.179943840169111e+03
1.179902215859379e+03
1.179860591199833e+03
1.179818965840660e+03
1.179777341181114e+03
1.179735714422687e+03
1.179694089413328e+03
1.179652463354528e+03
1.179610836945915e+03
1.179569210887115e+03
1.179527584128688e+03
1.179485956320820e+03
1.179444330262020e+03
1.179402702454153e+03
1.179361074996099e+03
1.179319447538045e+03
1.179277819030551e+03
1.179236190523056e+03
1.179194562365376e+03
1.179152933857881e+03
1.179111304650760e+03
1.179069676143265e+03
1.179028045886703e+03
1.178986415979954e+03
1.178944786772833e+03
1.178903156516271e+03
1.178861525909896e+03
1.178819895653334e+03
1.178778265046958e+03
1.178736633740956e+03
1.178695002434953e+03
1.178653371128950e+03
1.178611739123321e+03
1.178570107467505e+03
1.178528474762248e+03
1.178486842406805e+03
1.178445210051362e+03
1.178403577695919e+03
1.178361944291035e+03
1.178320310886152e+03
1.178278677481268e+03
1.178237043376758e+03
1.178195409971874e+03
1.178153775167736e+03
1.178112141063226e+03
1.178070506259088e+03
1.178028871454950e+03
1.177987235951186e+03
1.177945600797234e+03
1.177903965643283e+03
1.177862328740265e+03
1.177820693586313e+03
1.177779057033108e+03
1.177737420130090e+03
1.177695783926698e+03
1.177654147023679e+03
1.177612509421033e+03
1.177570871818388e+03
1.177529234565555e+03
1.177487596962909e+03
1.177445957961010e+03
1.177404320708177e+03
1.177362681006651e+03
1.177321043054191e+03
1.177279404052292e+03
1.177237764350765e+03
1.177196125348865e+03
1.177154484947711e+03
1.177112844546557e+03
1.177071205194844e+03
1.177029565143504e+03
1.176987923692909e+03
1.176946283291755e+03
1.176904641841161e+03
1.176863000740380e+03
1.176821359289786e+03
1.176779717839191e+03
1.176738075339156e+03
1.176696433538749e+03
1.176654790688900e+03
1.176613147839052e+03
1.176571505339017e+03
1.176529862139355e+03
1.176488218939693e+03
1.176446574690591e+03
1.176404931141115e+03
1.176363287591640e+03
1.176321642642910e+03
1.176279998393808e+03
1.176238353794892e+03
1.176196708146535e+03
1.176155063197806e+03
1.176113418249076e+03
1.176071772600720e+03
1.176030126252736e+03
1.175988480254566e+03
1.175946833556769e+03
1.175905187558599e+03
1.175863540510989e+03
1.175821893813192e+03
1.175780246415767e+03
1.175738598668530e+03
1.175696951271106e+03
1.175655302824241e+03
1.175613655077004e+03
1.175572006280325e+03
1.175530357833461e+03
1.175488708686969e+03
1.175447059890291e+03
1.175405410743799e+03
1.175363760897681e+03
1.175322111051562e+03
1.175280461555257e+03
1.175238811009511e+03
1.175197160113952e+03
1.175155510267834e+03
1.175113859022461e+03
1.175072208126902e+03
1.175030556181902e+03
1.174988904936529e+03
1.174947252641716e+03
1.174905601396343e+03
1.174863948751716e+03
1.174822296107090e+03
1.174780643462463e+03
1.174738990468023e+03
1.174697337473583e+03
1.174655683429702e+03
1.174614030435261e+03
1.174572376391381e+03
1.174530722347500e+03
1.174489067603992e+03
1.174447413210298e+03
1.174405758466790e+03
1.174364103723282e+03
1.174322447930334e+03
1.174280792487199e+03
1.174239137044064e+03
1.174197480551489e+03
1.174155825108354e+03
1.174114168615778e+03
1.174072511773390e+03
1.174030854581187e+03
1.173989197738798e+03
1.173947540546596e+03
1.173905883004580e+03
1.173864225112751e+03
1.173822567220921e+03
1.173780908979278e+03
1.173739250387822e+03
1.173697592146179e+03
1.173655932855095e+03
1.173614273913826e+03
1.173572613923115e+03
1.173530954981845e+03
1.173489294991135e+03
1.173447635350238e+03
1.173405974310087e+03
1.173364314319376e+03
1.173322653279225e+03
1.173280992588888e+03
1.173239331198923e+03
1.173197669459145e+03
1.173156008418994e+03
1.173114345979589e+03
1.173072684589624e+03
1.173031021800406e+03
1.172989359361001e+03
1.172947696221969e+03
1.172906033432750e+03
1.172864370293718e+03
1.172822706455059e+03
1.172781043316027e+03
1.172739378777741e+03
1.172697714939082e+03
1.172656050400795e+03
1.172614385862509e+03
1.172572720974410e+03
1.172531056086310e+03
1.172489390848397e+03
1.172447724561043e+03
1.172406059672943e+03
1.172364393385590e+03
1.172322727098236e+03
1.172281060461069e+03
1.172239393823902e+03
1.172197727186734e+03
1.172156060199754e+03
1.172114392513146e+03
1.172072724826538e+03
1.172031057489744e+03
1.171989389103509e+03
1.171947720367461e+03
1.171906052331040e+03
1.171864383594992e+03
1.171822714858943e+03
1.171781045423268e+03
1.171739377037033e+03
1.171697706202104e+03
1.171656036766429e+03
1.171614366980940e+03
1.171572695796197e+03
1.171531025660895e+03
1.171489354825965e+03
1.171447683641223e+03
1.171406012456480e+03
1.171364341271737e+03
1.171322669387367e+03
1.171280997502997e+03
1.171239325618627e+03
1.171197652335003e+03
1.171155981150260e+03
1.171114307167009e+03
1.171072634583013e+03
1.171030961299389e+03
1.170989287665951e+03
1.170947613682700e+03
1.170905939699449e+03
1.170864265716198e+03
1.170822591033320e+03
1.170780917050069e+03
1.170739242017378e+03
1.170697566634873e+03
1.170655891602181e+03
1.170614215520049e+03
1.170572540137544e+03
1.170530863705599e+03
1.170489187973280e+03
1.170447510841708e+03
1.170405834759576e+03
1.170364157628003e+03
1.170322480146617e+03
1.170280803015045e+03
1.170239125533659e+03
1.170197448052273e+03
1.170155769171633e+03
1.170114090990619e+03
1.170072412459793e+03
1.170030733579153e+03
1.169989054698513e+03
1.169947375468059e+03
1.169905696237605e+03
1.169864016657338e+03
1.169822336377444e+03
1.169780656797177e+03
1.169738976167469e+03
1.169697295187948e+03
1.169655615257867e+03
1.169613933578719e+03
1.169572252599198e+03
1.169530570920050e+03
1.169488889240902e+03
1.169447206862126e+03
1.169405525182978e+03
1.169363842804203e+03
1.169322159375987e+03
1.169280477347025e+03
1.169238794268623e+03
1.169197110140781e+03
1.169155427412192e+03
1.169113743634163e+03
1.169072059506320e+03
1.169030375028663e+03
1.168988690900821e+03
1.168947006073351e+03
1.168905320896068e+03
1.168863636418411e+03
1.168821950541501e+03
1.168780265014404e+03
1.168738579487307e+03
1.168696892910770e+03
1.168655206334233e+03
1.168613520807136e+03
1.168571833530971e+03
1.168530146254807e+03
1.168488459678270e+03
1.168446771702478e+03
1.168405084426314e+03
1.168363396800336e+03
1.168321708824545e+03
1.168280020149126e+03
1.168238331473708e+03
1.168196643148103e+03
1.168154953423244e+03
1.168113264398012e+03
1.168071575022966e+03
1.168029885647921e+03
1.167988195573249e+03
1.167946505148763e+03
1.167904814724277e+03
1.167863124299791e+03
1.167821433875305e+03
1.167779742051564e+03
1.167738050927451e+03
1.167696359803339e+03
1.167654667629785e+03
1.167612975806045e+03
1.167571283982305e+03
1.167529591109124e+03
1.167487898585757e+03
1.167446205712577e+03
1.167404512489583e+03
1.167362819266589e+03
1.167321125693781e+03
1.167279431771160e+03
1.167237738198352e+03
1.167196043226291e+03
1.167154348953856e+03
1.167112654681421e+03
1.167070959709360e+03
1.167029264387485e+03
1.166987569065609e+03
1.166945873044107e+03
1.166904177372419e+03
1.166862481700730e+03
1.166820785329414e+03
1.166779088258472e+03
1.166737391887156e+03
1.166695695166027e+03
1.166653997745271e+03
1.166612299974701e+03
1.166570602903758e+03
1.166528904433561e+03
1.166487206662992e+03
1.166445508542608e+03
1.166403809722598e+03
1.166362110902588e+03
1.166320411732764e+03
1.166278712213127e+03
1.166237013043303e+03
1.166195313523666e+03
1.166153613304401e+03
1.166111913434951e+03
1.166070212865873e+03
1.166028511946982e+03
1.165986811377904e+03
1.165945110459012e+03
1.165903408840494e+03
1.165861707571789e+03
1.165820005603457e+03
1.165778303635125e+03
1.165736601666794e+03
1.165694899348648e+03
1.165653196330876e+03
1.165611493662917e+03
1.165569790994958e+03
1.165528086927745e+03
1.165486383560159e+03
1.165444679492946e+03
1.165402975775547e+03
1.165361271008707e+03
1.165319566941494e+03
1.165277861824841e+03
1.165236157757628e+03
1.165194451591534e+03
1.165152746824694e+03
1.165111040658600e+03
1.165069335192133e+03
1.165027629026039e+03
1.164985922859945e+03
1.164944216344037e+03
1.164902509128503e+03
1.164860802262782e+03
1.164819095397060e+03
1.164777387831713e+03
1.164735680266364e+03
1.164693972001389e+03
1.164652264086228e+03
1.164610555471439e+03
1.164568847206464e+03
1.164527138241862e+03
1.164485429277260e+03
1.164443720312658e+03
1.164402010298615e+03
1.164360300984200e+03
1.164318590620343e+03
1.164276880606301e+03
1.164235170592258e+03
1.164193459528775e+03
1.164151748815106e+03
1.164110037751622e+03
1.164068326338326e+03
1.164026614925029e+03
1.163984903161919e+03
1.163943191398808e+03
1.163901478586258e+03
1.163859766473334e+03
1.163818054010597e+03
1.163776340848233e+03
1.163734628035682e+03
1.163692914173691e+03
1.163651200311700e+03
1.163609487149335e+03
1.163567773287344e+03
1.163526058375912e+03
1.163484344513921e+03
1.163442629602489e+03
1.163400914341244e+03
1.163359199429812e+03
1.163317484168567e+03
1.163275768207694e+03
1.163234052596636e+03
1.163192336985577e+03
1.163150619975264e+03
1.163108903664578e+03
1.163067187353892e+03
1.163025469643952e+03
1.162983752633640e+03
1.162942035623327e+03
1.162900317213760e+03
1.162858599853633e+03
1.162816881793880e+03
1.162775163034500e+03
1.162733444275119e+03
1.162691725865552e+03
1.162650006756358e+03
1.162608286947537e+03
1.162566568537970e+03
1.162524848029522e+03
1.162483128220701e+03
1.162441408062067e+03
1.162399687553619e+03
1.162357967744798e+03
1.162316246186910e+03
1.162274524978835e+03
1.162232803770760e+03
1.162191082212871e+03
1.162149361004796e+03
1.162107638047654e+03
1.162065916489765e+03
1.162024193882436e+03
1.161982470925293e+03
1.161940748667778e+03
1.161899025011008e+03
1.161857302053866e+03
1.161815578397096e+03
1.161773854390513e+03
1.161732130034117e+03
1.161690406027534e+03
1.161648682020950e+03
1.161606956265300e+03
1.161565231908903e+03
1.161523506852880e+03
1.161481781447042e+03
1.161440056041205e+03
1.161398329935741e+03
1.161356604180090e+03
1.161314877374999e+03
1.161273150919722e+03
1.161231424814257e+03
1.161189697659353e+03
1.161147969804821e+03
1.161106243349543e+03
1.161064514795385e+03
1.161022786940853e+03
1.160981059086321e+03
1.160939330881976e+03
1.160897601978004e+03
1.160855873773658e+03
1.160814144519873e+03
1.160772414916273e+03
1.160730685312674e+03
1.160688956408702e+03
1.160647225755662e+03
1.160605496152063e+03
1.160563765499023e+03
1.160522035195797e+03
1.160480303843130e+03
1.160438572490463e+03
1.160396841837423e+03
1.160355110134943e+03
1.160313378432463e+03
1.160271646030355e+03
1.160229914677688e+03
1.160188181575954e+03
1.160146448824033e+03
1.160104716421926e+03
1.160062982970378e+03
1.160021249868644e+03
1.159979515717469e+03
1.159937782615734e+03
1.159896048114746e+03
1.159854314663198e+03
1.159812579462582e+03
1.159770845311408e+03
1.159729110110792e+03
1.159687374560363e+03
1.159645639709561e+03
1.159603903809319e+03
1.159562168258890e+03
1.159520432358647e+03
1.159478696108591e+03
1.159436959158908e+03
1.159395222559039e+03
1.159353485609356e+03
1.159311748659673e+03
1.159270010660549e+03
1.159228273361053e+03
1.159186535361929e+03
1.159144797362806e+03
1.159103059013868e+03
1.159061320664931e+03
1.159019581616367e+03
1.158977842567803e+03
1.158936103519239e+03
1.158894364120862e+03
1.158852624372671e+03
1.158810884624479e+03
