1.678869133153992e+07 -1.557786143612123e+06 2.033340427153687e+07 [2.641465849797622e+07]
1.678867516432635e+07 -1.557735926208185e+06 2.033342146341674e+07 [2.641465849482072e+07]
1.678865899714969e+07 -1.557685708746770e+06 2.033343865512074e+07 [2.641465849166647e+07]
1.678864283001002e+07 -1.557635491228038e+06 2.033345584664884e+07 [2.641465848851349e+07]
1.678862666290736e+07 -1.557585273652148e+06 2.033347303800099e+07 [2.641465848536178e+07]
1.678861049584164e+07 -1.557535056018845e+06 2.033349022917728e+07 [2.641465848221135e+07]
1.678859432881289e+07 -1.557484838328162e+06 2.033350742017768e+07 [2.641465847906217e+07]
1.678857816182117e+07 -1.557434620580321e+06 2.033352461100210e+07 [2.641465847591426e+07]
1.678830332861903e+07 -1.556580910096640e+06 2.033381682810428e+07 [2.641465842259360e+07]
1.678828716229289e+07 -1.556530691317042e+06 2.033383401576243e+07 [2.641465841946849e+07]
1.678820633121702e+07 -1.556279596559817e+06 2.033391995141444e+07 [2.641465840386193e+07]
1.678819016511278e+07 -1.556229377436447e+06 2.033393713801713e+07 [2.641465840074442e+07]
1.678817399904556e+07 -1.556179158255859e+06 2.033395432444387e+07 [2.641465839762818e+07]
1.678815783301529e+07 -1.556128939017816e+06 2.033397151069474e+07 [2.641465839451320e+07]
1.678814166702199e+07 -1.556078719722523e+06 2.033398869676971e+07 [2.641465839139949e+07]
1.678812550106573e+07 -1.556028500370029e+06 2.033400588266871e+07 [2.641465838828705e+07]
1.678810933514641e+07 -1.555978280960076e+06 2.033402306839186e+07 [2.641465838517587e+07]
1.678809316926407e+07 -1.555928061492815e+06 2.033404025393910e+07 [2.641465838206596e+07]
1.678807700341877e+07 -1.555877841968479e+06 2.033405743931037e+07 [2.641465837895732e+07]
1.678806083761040e+07 -1.555827622386616e+06 2.033407462450578e+07 [2.641465837584994e+07]
1.678772136417916e+07 -1.554772997933051e+06 2.033443547297350e+07 [2.641465831088758e+07]
1.678770519918455e+07 -1.554722777090728e+06 2.033445265429883e+07 [2.641465830780807e+07]
1.678768903422693e+07 -1.554672556191049e+06 2.033446983544827e+07 [2.641465830472982e+07]
1.678767286930634e+07 -1.554622335234240e+06 2.033448701642173e+07 [2.641465830165284e+07]
1.678765670442270e+07 -1.554572114219983e+06 2.033450419721932e+07 [2.641465829857712e+07]
1.678764053957605e+07 -1.554521893148497e+06 2.033452137784101e+07 [2.641465829550268e+07]
1.678762437476645e+07 -1.554471672019817e+06 2.033453855828673e+07 [2.641465829242950e+07]
1.678760820999379e+07 -1.554421450833688e+06 2.033455573855659e+07 [2.641465828935758e+07]
1.678759204525812e+07 -1.554371229590328e+06 2.033457291865053e+07 [2.641465828628694e+07]
1.678757588055944e+07 -1.554321008289622e+06 2.033459009856855e+07 [2.641465828321755e+07]
1.678723643043367e+07 -1.553266347743368e+06 2.033495083621007e+07 [2.641465821905315e+07]
1.678722026654897e+07 -1.553216125182638e+06 2.033496801225788e+07 [2.641465821601164e+07]
1.678720410270123e+07 -1.553165902564419e+06 2.033498518812982e+07 [2.641465821297139e+07]
1.678718793889049e+07 -1.553115679888921e+06 2.033500236382583e+07 [2.641465820993240e+07]
1.678717177511675e+07 -1.553065457156211e+06 2.033501953934593e+07 [2.641465820689469e+07]
1.678715561138005e+07 -1.553015234366313e+06 2.033503671469006e+07 [2.641465820385824e+07]
1.678713944768031e+07 -1.552965011518987e+06 2.033505388985833e+07 [2.641465820082306e+07]
1.678712328401757e+07 -1.552914788614376e+06 2.033507106485067e+07 [2.641465819778914e+07]
1.678710712039189e+07 -1.552864565652661e+06 2.033508823966703e+07 [2.641465819475649e+07]
1.678709095680315e+07 -1.552814342633564e+06 2.033510541430754e+07 [2.641465819172511e+07]
1.678675152998798e+07 -1.551759646002827e+06 2.033546604112006e+07 [2.641465812835865e+07]
1.678673536721335e+07 -1.551709421723779e+06 2.033548321189030e+07 [2.641465812535514e+07]
1.678671920447574e+07 -1.551659197387413e+06 2.033550038248461e+07 [2.641465812235289e+07]
1.678670304177518e+07 -1.551608972993934e+06 2.033551755290295e+07 [2.641465811935190e+07]
1.678668687911157e+07 -1.551558748543090e+06 2.033553472314541e+07 [2.641465811635218e+07]
1.678667071648499e+07 -1.551508524034927e+06 2.033555189321195e+07 [2.641465811335373e+07]
1.678665455389545e+07 -1.551458299469656e+06 2.033556906310252e+07 [2.641465811035654e+07]
1.678663839134289e+07 -1.551408074846964e+06 2.033558623281721e+07 [2.641465810736062e+07]
1.678662222882732e+07 -1.551357850167067e+06 2.033560340235599e+07 [2.641465810436597e+07]
1.678660606634882e+07 -1.551307625430011e+06 2.033562057171878e+07 [2.641465810137259e+07]
1.678626666284936e+07 -1.550252892722881e+06 2.033598108769955e+07 [2.641465803880408e+07]
1.678625050118514e+07 -1.550202666726225e+06 2.033599825319198e+07 [2.641465803583856e+07]
1.678623433955790e+07 -1.550152440672089e+06 2.033601541850853e+07 [2.641465803287430e+07]
1.678621817796768e+07 -1.550102214560708e+06 2.033603258364916e+07 [2.641465802991132e+07]
1.678620201641451e+07 -1.550051988392234e+06 2.033604974861381e+07 [2.641465802694960e+07]
1.678618585489832e+07 -1.550001762166405e+06 2.033606691340258e+07 [2.641465802398915e+07]
1.678616969341915e+07 -1.549951535883279e+06 2.033608407801542e+07 [2.641465802102997e+07]
1.678615353197704e+07 -1.549901309543051e+06 2.033610124245228e+07 [2.641465801807204e+07]
1.678613737057189e+07 -1.549851083145473e+06 2.033611840671327e+07 [2.641465801511539e+07]
1.678612120920377e+07 -1.549800856690584e+06 2.033613557079832e+07 [2.641465801216000e+07]
1.678578182902526e+07 -1.548746087915608e+06 2.033649597594443e+07 [2.641465795038945e+07]
1.678576566847161e+07 -1.548695860201407e+06 2.033651313615902e+07 [2.641465794746193e+07]
1.678574950795503e+07 -1.548645632430068e+06 2.033653029619763e+07 [2.641465794453567e+07]
1.678573334747543e+07 -1.548595404601333e+06 2.033654745606036e+07 [2.641465794161068e+07]
1.678571718703286e+07 -1.548545176715356e+06 2.033656461574716e+07 [2.641465793868696e+07]
1.678570102662735e+07 -1.548494948772362e+06 2.033658177525797e+07 [2.641465793576451e+07]
1.678568486625883e+07 -1.548444720771912e+06 2.033659893459290e+07 [2.641465793284332e+07]
1.678566870592733e+07 -1.548394492714222e+06 2.033661609375190e+07 [2.641465792992339e+07]
1.678565254563290e+07 -1.548344264599453e+06 2.033663325273492e+07 [2.641465792700473e+07]
1.678563638537546e+07 -1.548294036427363e+06 2.033665041154205e+07 [2.641465792408735e+07]
1.678529702852300e+07 -1.547239231592608e+06 2.033701070585073e+07 [2.641465786311474e+07]
1.678528086908020e+07 -1.547189002161414e+06 2.033702786078731e+07 [2.641465786022522e+07]
1.678526470967444e+07 -1.547138772672947e+06 2.033704501554795e+07 [2.641465785733696e+07]
1.678524855030575e+07 -1.547088543127403e+06 2.033706217013259e+07 [2.641465785444998e+07]
1.678523239097406e+07 -1.547038313524480e+06 2.033707932454136e+07 [2.641465785156425e+07]
1.678521623167939e+07 -1.546988083864389e+06 2.033709647877418e+07 [2.641465784867979e+07]
1.678520007242181e+07 -1.546937854147179e+06 2.033711363283102e+07 [2.641465784579660e+07]
1.678518391320122e+07 -1.546887624372581e+06 2.033713078671197e+07 [2.641465784291467e+07]
1.678516775401765e+07 -1.546837394540817e+06 2.033714794041698e+07 [2.641465784003402e+07]
1.678515159487112e+07 -1.546787164651775e+06 2.033716509394605e+07 [2.641465783715462e+07]
1.678481226134987e+07 -1.545732323765478e+06 2.033752527741452e+07 [2.641465777697998e+07]
1.678479610301822e+07 -1.545682092617849e+06 2.033754242707289e+07 [2.641465777412846e+07]
1.678477994472356e+07 -1.545631861412792e+06 2.033755957655537e+07 [2.641465777127820e+07]
1.678476378646595e+07 -1.545581630150525e+06 2.033757672586190e+07 [2.641465776842920e+07]
1.678474762824538e+07 -1.545531398831105e+06 2.033759387499249e+07 [2.641465776558147e+07]
1.678473147006189e+07 -1.545481167454575e+06 2.033761102394709e+07 [2.641465776273501e+07]
1.678471531191540e+07 -1.545430936020667e+06 2.033762817272581e+07 [2.641465775988982e+07]
1.678469915380596e+07 -1.545380704529556e+06 2.033764532132857e+07 [2.641465775704589e+07]
1.678468299573360e+07 -1.545330472981380e+06 2.033766246975536e+07 [2.641465775420323e+07]
1.678466683769824e+07 -1.545280241375905e+06 2.033767961800624e+07 [2.641465775136184e+07]
1.678432752751333e+07 -1.544225364446302e+06 2.033803969063168e+07 [2.641465769198516e+07]
1.678431137029298e+07 -1.544175131582312e+06 2.033805683501181e+07 [2.641465768917163e+07]
1.678429521310967e+07 -1.544124898661067e+06 2.033807397921599e+07 [2.641465768635936e+07]
1.678427905596347e+07 -1.544074665682780e+06 2.033809112324417e+07 [2.641465768354836e+07]
1.678426289885426e+07 -1.544024432647138e+06 2.033810826709646e+07 [2.641465768073863e+07]
1.678424674178211e+07 -1.543974199554349e+06 2.033812541077281e+07 [2.641465767793017e+07]
1.678423058474705e+07 -1.543923966404467e+06 2.033814255427316e+07 [2.641465767512297e+07]
1.678421442774900e+07 -1.543873733197222e+06 2.033815969759762e+07 [2.641465767231705e+07]
1.678419827078800e+07 -1.543823499932842e+06 2.033817684074613e+07 [2.641465766951239e+07]
1.678418211386409e+07 -1.543773266611365e+06 2.033819398371864e+07 [2.641465766670899e+07]
1.678384282702063e+07 -1.542718353646532e+06 2.033855394549829e+07 [2.641465760813025e+07]
1.678382667091191e+07 -1.542668119066893e+06 2.033857108459995e+07 [2.641465760535473e+07]
1.678381051484020e+07 -1.542617884429851e+06 2.033858822352570e+07 [2.641465760258046e+07]
1.678379435880556e+07 -1.542567649735608e+06 2.033860536227551e+07 [2.641465759980747e+07]
1.678377820280802e+07 -1.542517414984354e+06 2.033862250084932e+07 [2.641465759703574e+07]
1.678376204684748e+07 -1.542467180175807e+06 2.033863963924723e+07 [2.641465759426527e+07]
1.678374589092401e+07 -1.542416945310015e+06 2.033865677746918e+07 [2.641465759149607e+07]
1.678372973503764e+07 -1.542366710387202e+06 2.033867391551514e+07 [2.641465758872814e+07]
1.678371357918828e+07 -1.542316475407100e+06 2.033869105338520e+07 [2.641465758596148e+07]
1.678369742337598e+07 -1.542266240369760e+06 2.033870819107930e+07 [2.641465758319608e+07]
1.678335815987921e+07 -1.541211291378243e+06 2.033906804201027e+07 [2.641465752541531e+07]
1.678334200488228e+07 -1.541161055083021e+06 2.033908517583342e+07 [2.641465752267778e+07]
1.678332584992246e+07 -1.541110818730732e+06 2.033910230948057e+07 [2.641465751994151e+07]
1.678330969499967e+07 -1.541060582321101e+06 2.033911944295181e+07 [2.641465751720651e+07]
1.678329354011394e+07 -1.541010345854304e+06 2.033913657624710e+07 [2.641465751447278e+07]
1.678327738526531e+07 -1.540960109330543e+06 2.033915370936638e+07 [2.641465751174030e+07]
1.678326123045372e+07 -1.540909872749400e+06 2.033917084230977e+07 [2.641465750900911e+07]
1.678324507567919e+07 -1.540859636111085e+06 2.033918797507719e+07 [2.641465750627918e+07]
1.678322892094177e+07 -1.540809399415758e+06 2.033920510766861e+07 [2.641465750355051e+07]
1.678321276624138e+07 -1.540759162663156e+06 2.033922224008412e+07 [2.641465750082311e+07]
1.678287352609638e+07 -1.539704177653044e+06 2.033958198016366e+07 [2.641465744384030e+07]
1.678285737221153e+07 -1.539653939642796e+06 2.033959910870812e+07 [2.641465744114076e+07]
1.678284121836376e+07 -1.539603701575332e+06 2.033961623707663e+07 [2.641465743844249e+07]
1.678282506455310e+07 -1.539553463450860e+06 2.033963336526912e+07 [2.641465743574549e+07]
1.678280891077948e+07 -1.539503225269067e+06 2.033965049328571e+07 [2.641465743304976e+07]
1.678279275704292e+07 -1.539452987030178e+06 2.033966762112634e+07 [2.641465743035529e+07]
1.678277660334349e+07 -1.539402748734234e+06 2.033968474879095e+07 [2.641465742766208e+07]
1.678276044968109e+07 -1.539352510380972e+06 2.033970187627966e+07 [2.641465742497014e+07]
1.678274429605576e+07 -1.539302271970546e+06 2.033971900359241e+07 [2.641465742227948e+07]
1.678272814246751e+07 -1.539252033503027e+06 2.033973613072920e+07 [2.641465741959007e+07]
1.678238892567945e+07 -1.538197012482543e+06 2.034009575995451e+07 [2.641465736340522e+07]
1.678237277290696e+07 -1.538146772757816e+06 2.034011288322010e+07 [2.641465736074368e+07]
1.678235662017152e+07 -1.538096532975726e+06 2.034013000630977e+07 [2.641465735808341e+07]
1.678234046747317e+07 -1.538046293136495e+06 2.034014712922349e+07 [2.641465735542442e+07]
1.678232431481188e+07 -1.537996053240169e+06 2.034016425196124e+07 [2.641465735276667e+07]
1.678230816218773e+07 -1.537945813286793e+06 2.034018137452298e+07 [2.641465735011020e+07]
1.678229200960062e+07 -1.537895573276120e+06 2.034019849690880e+07 [2.641465734745500e+07]
1.678227585705059e+07 -1.537845333208292e+06 2.034021561911866e+07 [2.641465734480106e+07]
1.678200126937434e+07 -1.536991243313708e+06 2.034050666976339e+07 [2.641465729987792e+07]
1.678198511749185e+07 -1.536941002217339e+06 2.034052378880588e+07 [2.641465729724678e+07]
1.678190435863584e+07 -1.536689795878824e+06 2.034060938137872e+07 [2.641465728411010e+07]
1.678188820697588e+07 -1.536639554439702e+06 2.034062649936540e+07 [2.641465728148656e+07]
1.678187205535301e+07 -1.536589312943377e+06 2.034064361717612e+07 [2.641465727886428e+07]
1.678185590376728e+07 -1.536539071390078e+06 2.034066073481082e+07 [2.641465727624328e+07]
1.678183975221860e+07 -1.536488829779495e+06 2.034067785226960e+07 [2.641465727362353e+07]
1.678182360070700e+07 -1.536438588111830e+06 2.034069496955242e+07 [2.641465727100506e+07]
1.678180744923255e+07 -1.536388346387138e+06 2.034071208665921e+07 [2.641465726838785e+07]
1.678179129779514e+07 -1.536338104605143e+06 2.034072920359009e+07 [2.641465726577192e+07]
1.678151672903460e+07 -1.535483985571604e+06 2.034102016449150e+07 [2.641465722149475e+07]
1.678150057826492e+07 -1.535433742761465e+06 2.034103727825487e+07 [2.641465721890161e+07]
1.678141982497280e+07 -1.535182527853332e+06 2.034112284443238e+07 [2.641465720595490e+07]
1.678140367442570e+07 -1.535132284700521e+06 2.034113995713993e+07 [2.641465720336936e+07]
1.678138752391567e+07 -1.535082041490361e+06 2.034115706967156e+07 [2.641465720078510e+07]
1.678137137344272e+07 -1.535031798223081e+06 2.034117418202721e+07 [2.641465719820208e+07]
1.678135522300692e+07 -1.534981554898839e+06 2.034119129420684e+07 [2.641465719562034e+07]
1.678133907260817e+07 -1.534931311517379e+06 2.034120840621055e+07 [2.641465719303987e+07]
1.678132292224653e+07 -1.534881068078740e+06 2.034122551803828e+07 [2.641465719046066e+07]
1.678130677192202e+07 -1.534830824583133e+06 2.034124262969000e+07 [2.641465718788271e+07]
1.678103222208140e+07 -1.533976676417464e+06 2.034153350084576e+07 [2.641465714425151e+07]
1.678101607242469e+07 -1.533926431893622e+06 2.034155060933000e+07 [2.641465714169638e+07]
1.678093532469779e+07 -1.533675208418170e+06 2.034163614911141e+07 [2.641465712893966e+07]
1.678091917526371e+07 -1.533624963551735e+06 2.034165325653979e+07 [2.641465712639212e+07]
1.678090302586677e+07 -1.533574718628285e+06 2.034167036379214e+07 [2.641465712384584e+07]
1.678088687650691e+07 -1.533524473647576e+06 2.034168747086857e+07 [2.641465712130084e+07]
1.678087072718415e+07 -1.533474228609755e+06 2.034170457776901e+07 [2.641465711875709e+07]
1.678085457789854e+07 -1.533423983515046e+06 2.034172168449343e+07 [2.641465711621462e+07]
1.678083842864999e+07 -1.533373738363016e+06 2.034173879104192e+07 [2.641465711367341e+07]
1.678082227943855e+07 -1.533323493153873e+06 2.034175589741443e+07 [2.641465711113346e+07]
1.678054774852205e+07 -1.532469315862895e+06 2.034204667882226e+07 [2.641465706814823e+07]
1.678053159997860e+07 -1.532419069625915e+06 2.034206378202716e+07 [2.641465706563110e+07]
1.678045085781809e+07 -1.532167837584928e+06 2.034214929541187e+07 [2.641465705306437e+07]
1.678043470949732e+07 -1.532117591005435e+06 2.034216639756089e+07 [2.641465705055483e+07]
1.678041856121365e+07 -1.532067344368772e+06 2.034218349953393e+07 [2.641465704804654e+07]
1.678040241296715e+07 -1.532017097675176e+06 2.034220060133094e+07 [2.641465704553954e+07]
1.678038626475772e+07 -1.531966850924332e+06 2.034221770295202e+07 [2.641465704303379e+07]
1.678037011658539e+07 -1.531916604116455e+06 2.034223480439711e+07 [2.641465704052932e+07]
1.678035396845023e+07 -1.531866357251574e+06 2.034225190566618e+07 [2.641465703802611e+07]
1.678033782035215e+07 -1.531816110329448e+06 2.034226900675931e+07 [2.641465703552416e+07]
1.678006330836384e+07 -1.530961903919518e+06 2.034255969841702e+07 [2.641465699318489e+07]
1.678004716093393e+07 -1.530911655969946e+06 2.034257679634241e+07 [2.641465699070575e+07]
1.677996642434100e+07 -1.530660415365238e+06 2.034266228332979e+07 [2.641465697832902e+07]
1.677995027713383e+07 -1.530610167073166e+06 2.034267938019928e+07 [2.641465697585748e+07]
1.677993412996371e+07 -1.530559918723904e+06 2.034269647689282e+07 [2.641465697338719e+07]
1.677991798283073e+07 -1.530509670317509e+06 2.034271357341038e+07 [2.641465697091818e+07]
1.677990183573487e+07 -1.530459421854024e+06 2.034273066975196e+07 [2.641465696845044e+07]
1.677988568867618e+07 -1.530409173333680e+06 2.034274776591751e+07 [2.641465696598396e+07]
1.677986954165456e+07 -1.530358924756035e+06 2.034276486190711e+07 [2.641465696351874e+07]
1.677985339467007e+07 -1.530308676121310e+06 2.034278195772073e+07 [2.641465696105480e+07]
1.677957890161421e+07 -1.529454440599422e+06 2.034307255962596e+07 [2.641465691936151e+07]
1.677956275529800e+07 -1.529404190937334e+06 2.034308965227180e+07 [2.641465691692036e+07]
1.677948202427396e+07 -1.529152941771180e+06 2.034317511286110e+07 [2.641465690473362e+07]
1.677946587818052e+07 -1.529102691766722e+06 2.034319220445101e+07 [2.641465690230007e+07]
1.677944973212421e+07 -1.529052441705138e+06 2.034320929586493e+07 [2.641465689986779e+07]
1.677943358610509e+07 -1.529002191586639e+06 2.034322638710282e+07 [2.641465689743679e+07]
1.677941744012304e+07 -1.528951941410919e+06 2.034324347816476e+07 [2.641465689500703e+07]
1.677940129417813e+07 -1.528901691178186e+06 2.034326056905071e+07 [2.641465689257855e+07]
1.677938514827039e+07 -1.528851440888487e+06 2.034327765976062e+07 [2.641465689015133e+07]
1.677936900239975e+07 -1.528801190541559e+06 2.034329475029459e+07 [2.641465688772539e+07]
1.677909452828040e+07 -1.527946925914068e+06 2.034358526244519e+07 [2.641465684667807e+07]
1.677907838307822e+07 -1.527896674540160e+06 2.034360234981125e+07 [2.641465684427491e+07]
1.677899765762420e+07 -1.527645416814210e+06 2.034368778400189e+07 [2.641465683227817e+07]
1.677898151264485e+07 -1.527595165097960e+06 2.034370487031201e+07 [2.641465682988263e+07]
1.677896536770259e+07 -1.527544913324559e+06 2.034372195644617e+07 [2.641465682748834e+07]
1.677894922279747e+07 -1.527494661494040e+06 2.034373904240434e+07 [2.641465682509533e+07]
1.677893307792953e+07 -1.527444409606625e+06 2.034375612818646e+07 [2.641465682270358e+07]
1.677891693309869e+07 -1.527394157662056e+06 2.034377321379264e+07 [2.641465682031310e+07]
1.677890078830499e+07 -1.527343905660375e+06 2.034379029922283e+07 [2.641465681792388e+07]
1.677888464354848e+07 -1.527293653601801e+06 2.034380738447697e+07 [2.641465681553593e+07]
1.677861018836984e+07 -1.526439359875520e+06 2.034409780687061e+07 [2.641465677513458e+07]
1.677859404428186e+07 -1.526389106789890e+06 2.034411488895687e+07 [2.641465677276943e+07]
1.677851332439917e+07 -1.526137840506416e+06 2.034420029674809e+07 [2.641465676096268e+07]
1.677849718053405e+07 -1.526087587078577e+06 2.034421737777836e+07 [2.641465675860512e+07]
1.677848103670612e+07 -1.526037333593791e+06 2.034423445863258e+07 [2.641465675624884e+07]
1.677846489291530e+07 -1.525987080051796e+06 2.034425153931086e+07 [2.641465675389382e+07]
1.677844874916163e+07 -1.525936826452771e+06 2.034426861981313e+07 [2.641465675154008e+07]
1.677843260544515e+07 -1.525886572796855e+06 2.034428570013936e+07 [2.641465674918759e+07]
1.677841646176576e+07 -1.525836319083802e+06 2.034430278028963e+07 [2.641465674683637e+07]
1.677840031812353e+07 -1.525786065313648e+06 2.034431986026391e+07 [2.641465674448642e+07]
1.677838417451850e+07 -1.525735811486611e+06 2.034433694006214e+07 [2.641465674213773e+07]
1.677836803095056e+07 -1.525685557602440e+06 2.034435401968442e+07 [2.641465673979032e+07]
1.677802902460614e+07 -1.524630212859422e+06 2.034471265109574e+07 [2.641465669078713e+07]
1.677801288185555e+07 -1.524579957720473e+06 2.034472972684599e+07 [2.641465668846757e+07]
1.677799673914212e+07 -1.524529702524443e+06 2.034474680242024e+07 [2.641465668614929e+07]
1.677798059646588e+07 -1.524479447271531e+06 2.034476387781844e+07 [2.641465668383227e+07]
1.677796445382676e+07 -1.524429191961436e+06 2.034478095304068e+07 [2.641465668151652e+07]
1.677794831122479e+07 -1.524378936594373e+06 2.034479802808692e+07 [2.641465667920204e+07]
1.677793216866003e+07 -1.524328681170382e+06 2.034481510295710e+07 [2.641465667688882e+07]
1.677791602613237e+07 -1.524278425689197e+06 2.034483217765133e+07 [2.641465667457686e+07]
1.677764160884765e+07 -1.523424073785388e+06 2.034512242052429e+07 [2.641465663546746e+07]
1.677762546698891e+07 -1.523373817277938e+06 2.034513949205038e+07 [2.641465663317831e+07]
1.677754475825242e+07 -1.523122533884842e+06 2.034522484704092e+07 [2.641465662175154e+07]
1.677752861661665e+07 -1.523072277035275e+06 2.034524191751096e+07 [2.641465661946998e+07]
1.677751247501799e+07 -1.523022020128601e+06 2.034525898780506e+07 [2.641465661718970e+07]
1.677749633345649e+07 -1.522971763164851e+06 2.034527605792314e+07 [2.641465661491067e+07]
1.677748019193217e+07 -1.522921506144087e+06 2.034529312786521e+07 [2.641465661263292e+07]
1.677746405044505e+07 -1.522871249066523e+06 2.034531019763123e+07 [2.641465661035643e+07]
1.677744790899505e+07 -1.522820991931721e+06 2.034532726722129e+07 [2.641465660808121e+07]
1.677743176758222e+07 -1.522770734739908e+06 2.034534433663534e+07 [2.641465660580726e+07]
1.677715736925073e+07 -1.521916353757501e+06 2.034563448974452e+07 [2.641465656734383e+07]
1.677714122850691e+07 -1.521866095539501e+06 2.034565155599040e+07 [2.641465656509268e+07]
1.677706052534542e+07 -1.521614803594766e+06 2.034573688457953e+07 [2.641465655385590e+07]
1.677704438482463e+07 -1.521564545034728e+06 2.034575394976934e+07 [2.641465655161234e+07]
1.677702824434099e+07 -1.521514286417753e+06 2.034577101478314e+07 [2.641465654937005e+07]
1.677701210389457e+07 -1.521464027743859e+06 2.034578807962088e+07 [2.641465654712903e+07]
1.677699596348529e+07 -1.521413769012813e+06 2.034580514428265e+07 [2.641465654488927e+07]
1.677697982311317e+07 -1.521363510224821e+06 2.034582220876842e+07 [2.641465654265079e+07]
1.677696368277827e+07 -1.521313251379932e+06 2.034583927307811e+07 [2.641465654041356e+07]
1.677694754248050e+07 -1.521262992477879e+06 2.034585633721185e+07 [2.641465653817761e+07]
1.677667316310631e+07 -1.520408582423226e+06 2.034614640055510e+07 [2.641465650036015e+07]
1.677665702347775e+07 -1.520358322495379e+06 2.034616346152053e+07 [2.641465649814700e+07]
1.677657632589239e+07 -1.520107022000661e+06 2.034624876370769e+07 [2.641465648710021e+07]
1.677656018648690e+07 -1.520056761730854e+06 2.034626582361703e+07 [2.641465648489466e+07]
1.677654404711853e+07 -1.520006501403959e+06 2.034628288335041e+07 [2.641465648269037e+07]
1.677652790778735e+07 -1.519956241020016e+06 2.034629994290776e+07 [2.641465648048734e+07]
1.677651176849339e+07 -1.519905980579237e+06 2.034631700228906e+07 [2.641465647828559e+07]
1.677649562923656e+07 -1.519855720081377e+06 2.034633406149439e+07 [2.641465647608510e+07]
1.677647949001692e+07 -1.519805459526466e+06 2.034635112052369e+07 [2.641465647388587e+07]
1.677646335083451e+07 -1.519755198914722e+06 2.034636817937694e+07 [2.641465647168792e+07]
1.677618899042182e+07 -1.518900759794665e+06 2.034665815295194e+07 [2.641465643451644e+07]
1.677617285190866e+07 -1.518850498157045e+06 2.034667520863689e+07 [2.641465643234127e+07]
1.677609215990075e+07 -1.518599189114615e+06 2.034676048442131e+07 [2.641465642148449e+07]
1.677607602161071e+07 -1.518548927135174e+06 2.034677753905015e+07 [2.641465641931693e+07]
1.677605988335791e+07 -1.518498665098861e+06 2.034679459350292e+07 [2.641465641715064e+07]
1.677604374514225e+07 -1.518448403005408e+06 2.034681164777972e+07 [2.641465641498561e+07]
1.677602760696377e+07 -1.518398140854977e+06 2.034682870188050e+07 [2.641465641282185e+07]
1.677601146882254e+07 -1.518347878647738e+06 2.034684575580521e+07 [2.641465641065936e+07]
1.677599533071843e+07 -1.518297616383410e+06 2.034686280955394e+07 [2.641465640849813e+07]
1.677597919265153e+07 -1.518247354062057e+06 2.034687986312666e+07 [2.641465640633818e+07]
1.677570485120454e+07 -1.517392885883423e+06 2.034716974693110e+07 [2.641465636981267e+07]
1.677568871380708e+07 -1.517342622536582e+06 2.034718679733540e+07 [2.641465636767552e+07]
1.677560802737780e+07 -1.517091304948251e+06 2.034727204671646e+07 [2.641465635700872e+07]
1.677559189020350e+07 -1.517041041259616e+06 2.034728909606462e+07 [2.641465635487915e+07]
1.677557575306641e+07 -1.516990777514073e+06 2.034730614523675e+07 [2.641465635275087e+07]
1.677555961596656e+07 -1.516940513711671e+06 2.034732319423281e+07 [2.641465635062384e+07]
1.677554347890386e+07 -1.516890249852138e+06 2.034734024305289e+07 [2.641465634849808e+07]
1.677552734187835e+07 -1.516839985935704e+06 2.034735729169694e+07 [2.641465634637358e+07]
1.677551120489009e+07 -1.516789721962404e+06 2.034737434016493e+07 [2.641465634425036e+07]
1.677549506793898e+07 -1.516739457931991e+06 2.034739138845693e+07 [2.641465634212839e+07]
1.677547893102507e+07 -1.516689193844609e+06 2.034740843657291e+07 [2.641465634000770e+07]
1.677546279414834e+07 -1.516638929700326e+06 2.034742548451286e+07 [2.641465633788828e+07]
1.677512392833079e+07 -1.515583369513203e+06 2.034778345058921e+07 [2.641465629367290e+07]
1.677510779227255e+07 -1.515533104115976e+06 2.034780049465650e+07 [2.641465629158134e+07]
1.677509165625145e+07 -1.515482838661697e+06 2.034781753854782e+07 [2.641465628949105e+07]
1.677507552026756e+07 -1.515432573150412e+06 2.034783458226310e+07 [2.641465628740202e+07]
1.677505938432088e+07 -1.515382307582171e+06 2.034785162580235e+07 [2.641465628531426e+07]
1.677504324841144e+07 -1.515332041957198e+06 2.034786866916552e+07 [2.641465628322776e+07]
1.677502711253917e+07 -1.515281776275058e+06 2.034788571235271e+07 [2.641465628114254e+07]
1.677501097670410e+07 -1.515231510535970e+06 2.034790275536387e+07 [2.641465627905858e+07]
1.677473667320088e+07 -1.514376984259894e+06 2.034819245962054e+07 [2.641465624382503e+07]
1.677472053803556e+07 -1.514326717495793e+06 2.034820949946313e+07 [2.641465624176387e+07]
1.677463986276717e+07 -1.514075382821555e+06 2.034829469603549e+07 [2.641465623147706e+07]
1.677462372782512e+07 -1.514025115715810e+06 2.034831173482187e+07 [2.641465622942349e+07]
1.677460759292027e+07 -1.513974848553194e+06 2.034832877343223e+07 [2.641465622737120e+07]
1.677459145805268e+07 -1.513924581333735e+06 2.034834581186651e+07 [2.641465622532017e+07]
1.677457532322226e+07 -1.513874314057184e+06 2.034836285012479e+07 [2.641465622327041e+07]
1.677455918842904e+07 -1.513824046723747e+06 2.034837988820704e+07 [2.641465622122191e+07]
1.677454305367310e+07 -1.513773779333473e+06 2.034839692611322e+07 [2.641465621917468e+07]
1.677452691895431e+07 -1.513723511886113e+06 2.034841396384340e+07 [2.641465621712872e+07]
1.677451078427275e+07 -1.513673244381812e+06 2.034843100139755e+07 [2.641465621508402e+07]
1.677449464962844e+07 -1.513622976820787e+06 2.034844803877562e+07 [2.641465621304060e+07]
1.677415583069417e+07 -1.512567344884778e+06 2.034880578305139e+07 [2.641465617042116e+07]
1.677413969686864e+07 -1.512517076071234e+06 2.034882281655664e+07 [2.641465616840560e+07]
1.677412356308028e+07 -1.512466807200665e+06 2.034883984988592e+07 [2.641465616639130e+07]
1.677410742932915e+07 -1.512416538273109e+06 2.034885688303915e+07 [2.641465616437827e+07]
1.677409129561528e+07 -1.512366269288787e+06 2.034887391601630e+07 [2.641465616236651e+07]
1.677407516193858e+07 -1.512316000247380e+06 2.034889094881745e+07 [2.641465616035601e+07]
1.677405902829910e+07 -1.512265731149121e+06 2.034890798144256e+07 [2.641465615834678e+07]
1.677404289469690e+07 -1.512215461994025e+06 2.034892501389159e+07 [2.641465615633882e+07]
1.677402676113187e+07 -1.512165192781857e+06 2.034894204616462e+07 [2.641465615433212e+07]
1.677401062760406e+07 -1.512114923512819e+06 2.034895907826163e+07 [2.641465615232670e+07]
1.677367183211921e+07 -1.511059255714976e+06 2.034931671163286e+07 [2.641465611050524e+07]
1.677365569941035e+07 -1.511008985193753e+06 2.034933373985695e+07 [2.641465610852767e+07]
1.677363956673877e+07 -1.510958714615732e+06 2.034935076790496e+07 [2.641465610655138e+07]
1.677362343410438e+07 -1.510908443980631e+06 2.034936779577697e+07 [2.641465610457634e+07]
1.677360730150721e+07 -1.510858173288626e+06 2.034938482347293e+07 [2.641465610260257e+07]
1.677359116894732e+07 -1.510807902539859e+06 2.034940185099280e+07 [2.641465610063008e+07]
1.677357503642461e+07 -1.510757631734087e+06 2.034941887833668e+07 [2.641465609865884e+07]
1.677355890393914e+07 -1.510707360871344e+06 2.034943590550452e+07 [2.641465609668888e+07]
1.677354277149093e+07 -1.510657089951856e+06 2.034945293249626e+07 [2.641465609472018e+07]
1.677352663907992e+07 -1.510606818975355e+06 2.034946995931200e+07 [2.641465609275275e+07]
1.677318786704955e+07 -1.509551115323761e+06 2.034982748177597e+07 [2.641465605172927e+07]
1.677317173545766e+07 -1.509500843095310e+06 2.034984450471871e+07 [2.641465604978970e+07]
1.677315560390302e+07 -1.509450570810025e+06 2.034986152748541e+07 [2.641465604785140e+07]
1.677313947238565e+07 -1.509400298467932e+06 2.034987855007602e+07 [2.641465604591437e+07]
1.677312334090549e+07 -1.509350026068783e+06 2.034989557249062e+07 [2.641465604397861e+07]
1.677310720946255e+07 -1.509299753612799e+06 2.034991259472917e+07 [2.641465604204410e+07]
1.677309107805689e+07 -1.509249481100013e+06 2.034992961679164e+07 [2.641465604011087e+07]
1.677307494668844e+07 -1.509199208530175e+06 2.034994663867810e+07 [2.641465603817891e+07]
1.677305881535722e+07 -1.509148935903438e+06 2.034996366038851e+07 [2.641465603624821e+07]
1.677304268406323e+07 -1.509098663219864e+06 2.034998068192288e+07 [2.641465603431877e+07]
1.677270393549248e+07 -1.508042923722780e+06 2.035033809347678e+07 [2.641465599409327e+07]
1.677268780501786e+07 -1.507992649787695e+06 2.035035511113800e+07 [2.641465599219170e+07]
1.677267167458044e+07 -1.507942375795637e+06 2.035037212862321e+07 [2.641465599029140e+07]
1.677265554418026e+07 -1.507892101746636e+06 2.035038914593237e+07 [2.641465598839237e+07]
1.677263941381732e+07 -1.507841827640742e+06 2.035040616306549e+07 [2.641465598649460e+07]
1.677262328349168e+07 -1.507791553478121e+06 2.035042318002250e+07 [2.641465598459810e+07]
1.677260715320324e+07 -1.507741279258518e+06 2.035044019680351e+07 [2.641465598270287e+07]
1.677259102295204e+07 -1.507691004981978e+06 2.035045721340846e+07 [2.641465598080890e+07]
1.677257489273814e+07 -1.507640730648704e+06 2.035047422983731e+07 [2.641465597891620e+07]
1.677255876256143e+07 -1.507590456258452e+06 2.035049124609016e+07 [2.641465597702476e+07]
1.677222003745542e+07 -1.506534680924118e+06 2.035084854673123e+07 [2.641465593759724e+07]
1.677220390809821e+07 -1.506484405282494e+06 2.035086555911088e+07 [2.641465593573366e+07]
1.677218777877825e+07 -1.506434129584051e+06 2.035088257131448e+07 [2.641465593387136e+07]
1.677217164949559e+07 -1.506383853828835e+06 2.035089958334197e+07 [2.641465593201033e+07]
1.677215552025015e+07 -1.506333578016591e+06 2.035091659519346e+07 [2.641465593015056e+07]
1.677213939104194e+07 -1.506283302147533e+06 2.035093360686889e+07 [2.641465592829206e+07]
1.677212326187105e+07 -1.506233026221708e+06 2.035095061836821e+07 [2.641465592643483e+07]
1.677210713273736e+07 -1.506182750238845e+06 2.035096762969152e+07 [2.641465592457885e+07]
1.677209100364092e+07 -1.506132474199120e+06 2.035098464083878e+07 [2.641465592272415e+07]
1.677207487458179e+07 -1.506082198102683e+06 2.035100165180993e+07 [2.641465592087071e+07]
1.677173617294559e+07 -1.505026386939262e+06 2.035135884153543e+07 [2.641465588224116e+07]
1.677172004470614e+07 -1.504976109591794e+06 2.035137584863330e+07 [2.641465588041560e+07]
1.677170391650388e+07 -1.504925832187366e+06 2.035139285555514e+07 [2.641465587859129e+07]
1.677168778833889e+07 -1.504875554726019e+06 2.035140986230093e+07 [2.641465587676825e+07]
1.677167166021122e+07 -1.504825277207972e+06 2.035142686887061e+07 [2.641465587494648e+07]
1.677165553212076e+07 -1.504774999632915e+06 2.035144387526428e+07 [2.641465587312598e+07]
1.677163940406756e+07 -1.504724722001052e+06 2.035146088148189e+07 [2.641465587130675e+07]
1.677162327605166e+07 -1.504674444312436e+06 2.035147788752338e+07 [2.641465586948878e+07]
1.677160714807299e+07 -1.504624166566797e+06 2.035149489338886e+07 [2.641465586767207e+07]
1.677159102013157e+07 -1.504573888764367e+06 2.035151189907828e+07 [2.641465586585663e+07]
1.677125234197041e+07 -1.503518041780298e+06 2.035186897788534e+07 [2.641465582802506e+07]
1.677123621484885e+07 -1.503467762727066e+06 2.035188597970137e+07 [2.641465582623749e+07]
1.677122008776460e+07 -1.503417483617202e+06 2.035190298134128e+07 [2.641465582445119e+07]
1.677120396071758e+07 -1.503367204450278e+06 2.035191998280519e+07 [2.641465582266615e+07]
1.677118783370783e+07 -1.503316925226511e+06 2.035193698409302e+07 [2.641465582088238e+07]
1.677117170673539e+07 -1.503266645946056e+06 2.035195398520474e+07 [2.641465581909987e+07]
1.677115557980017e+07 -1.503216366608655e+06 2.035197098614045e+07 [2.641465581731864e+07]
1.677113945290223e+07 -1.503166087214351e+06 2.035198798690009e+07 [2.641465581553866e+07]
1.677112332604160e+07 -1.503115807763360e+06 2.035200498748362e+07 [2.641465581375996e+07]
1.677110719921820e+07 -1.503065528255369e+06 2.035202198789113e+07 [2.641465581198252e+07]
1.677076854453715e+07 -1.502009645458869e+06 2.035237895577700e+07 [2.641465577494892e+07]
1.677075241853378e+07 -1.501959364700426e+06 2.035239595231102e+07 [2.641465577319935e+07]
1.677073629256768e+07 -1.501909083885207e+06 2.035241294866898e+07 [2.641465577145105e+07]
1.677072016663891e+07 -1.501858803013256e+06 2.035242994485081e+07 [2.641465576970402e+07]
1.677070404074737e+07 -1.501808522084317e+06 2.035244694085662e+07 [2.641465576795823e+07]
1.677068791489311e+07 -1.501758241098542e+06 2.035246393668637e+07 [2.641465576621373e+07]
1.677067178907617e+07 -1.501707960056146e+06 2.035248093233999e+07 [2.641465576447049e+07]
1.677065566329647e+07 -1.501657678956713e+06 2.035249792781760e+07 [2.641465576272852e+07]
1.677063953755404e+07 -1.501607397800442e+06 2.035251492311914e+07 [2.641465576098782e+07]
1.677062341184889e+07 -1.501557116587402e+06 2.035253191824460e+07 [2.641465575924838e+07]
1.677028478065307e+07 -1.500501197986606e+06 2.035288877520651e+07 [2.641465572301276e+07]
1.677026865576819e+07 -1.500450915523496e+06 2.035290576645835e+07 [2.641465572130119e+07]
1.677025253092053e+07 -1.500400633003480e+06 2.035292275753415e+07 [2.641465571959088e+07]
1.677023640611016e+07 -1.500350350426571e+06 2.035293974843389e+07 [2.641465571788184e+07]
1.677022028133708e+07 -1.500300067792851e+06 2.035295673915755e+07 [2.641465571617407e+07]
1.677020415660133e+07 -1.500249785102468e+06 2.035297372970508e+07 [2.641465571446757e+07]
1.677018803190282e+07 -1.500199502355169e+06 2.035299072007659e+07 [2.641465571276233e+07]
1.677017190724160e+07 -1.500149219550982e+06 2.035300771027203e+07 [2.641465571105835e+07]
1.676989779370622e+07 -1.499294403188334e+06 2.035329651665464e+07 [2.641465568228461e+07]
1.676988166971620e+07 -1.499244119361559e+06 2.035331350368071e+07 [2.641465568060343e+07]
1.676980105032560e+07 -1.498992699375615e+06 2.035339843616981e+07 [2.641465567221656e+07]
1.676978492655934e+07 -1.498942415207925e+06 2.035341542213942e+07 [2.641465567054299e+07]
1.676976880283037e+07 -1.498892130983492e+06 2.035343240793295e+07 [2.641465566887069e+07]
1.676975267913874e+07 -1.498841846702346e+06 2.035344939355035e+07 [2.641465566719965e+07]
1.676973655548437e+07 -1.498791562364229e+06 2.035346637899172e+07 [2.641465566552987e+07]
1.676972043186728e+07 -1.498741277969319e+06 2.035348336425702e+07 [2.641465566386136e+07]
1.676970430828753e+07 -1.498690993517814e+06 2.035350034934618e+07 [2.641465566219412e+07]
1.676968818474504e+07 -1.498640709009291e+06 2.035351733425932e+07 [2.641465566052815e+07]
1.676967206123984e+07 -1.498590424443958e+06 2.035353431899637e+07 [2.641465565886344e+07]
1.676965593777198e+07 -1.498540139821978e+06 2.035355130355730e+07 [2.641465565720000e+07]
1.676931735356195e+07 -1.497484149637369e+06 2.035390793866302e+07 [2.641465562256034e+07]
1.676930123091465e+07 -1.497433863765809e+06 2.035392491935017e+07 [2.641465562092476e+07]
1.676928510830461e+07 -1.497383577837352e+06 2.035394189986129e+07 [2.641465561929046e+07]
1.676926898573188e+07 -1.497333291852036e+06 2.035395888019633e+07 [2.641465561765741e+07]
1.676925286319649e+07 -1.497283005810092e+06 2.035397586035523e+07 [2.641465561602564e+07]
1.676923674069836e+07 -1.497232719711196e+06 2.035399284033810e+07 [2.641465561439514e+07]
1.676922061823753e+07 -1.497182433555566e+06 2.035400982014489e+07 [2.641465561276589e+07]
1.676920449581405e+07 -1.497132147343242e+06 2.035402679977555e+07 [2.641465561113792e+07]
1.676893042032196e+07 -1.496277273043294e+06 2.035431542655639e+07 [2.641465558365614e+07]
1.676891429856993e+07 -1.496226985808687e+06 2.035433240301757e+07 [2.641465558205096e+07]
1.676883369036952e+07 -1.495975548783980e+06 2.035441728268208e+07 [2.641465557404409e+07]
1.676881756884135e+07 -1.495925261208621e+06 2.035443425808674e+07 [2.641465557244651e+07]
1.676880144735052e+07 -1.495874973576693e+06 2.035445123331527e+07 [2.641465557085020e+07]
1.676878532589697e+07 -1.495824685887773e+06 2.035446820836776e+07 [2.641465556925516e+07]
1.676876920448073e+07 -1.495774398142062e+06 2.035448518324416e+07 [2.641465556766139e+07]
1.676875308310184e+07 -1.495724110339740e+06 2.035450215794443e+07 [2.641465556606888e+07]
1.676873696176022e+07 -1.495673822480530e+06 2.035451913246865e+07 [2.641465556447763e+07]
1.676872084045591e+07 -1.495623534564488e+06 2.035453610681679e+07 [2.641465556288766e+07]
1.676870471918896e+07 -1.495573246591823e+06 2.035455308098880e+07 [2.641465556129896e+07]
1.676868859795927e+07 -1.495522958562222e+06 2.035457005498476e+07 [2.641465555971150e+07]
1.676835006075558e+07 -1.494466896827088e+06 2.035492646822308e+07 [2.641465552666781e+07]
1.676833394034682e+07 -1.494416607548475e+06 2.035494343834507e+07 [2.641465552510823e+07]
1.676831781997537e+07 -1.494366318213155e+06 2.035496040829097e+07 [2.641465552354992e+07]
1.676830169964129e+07 -1.494316028821171e+06 2.035497737806073e+07 [2.641465552199288e+07]
1.676828557934448e+07 -1.494265739372260e+06 2.035499434765445e+07 [2.641465552043710e+07]
1.676826945908499e+07 -1.494215449866576e+06 2.035501131707208e+07 [2.641465551888260e+07]
1.676825333886286e+07 -1.494165160304344e+06 2.035502828631356e+07 [2.641465551732935e+07]
1.676823721867801e+07 -1.494114870685140e+06 2.035504525537901e+07 [2.641465551577738e+07]
1.676822109853047e+07 -1.494064581009157e+06 2.035506222426835e+07 [2.641465551422666e+07]
1.676820497842025e+07 -1.494014291276480e+06 2.035507919298161e+07 [2.641465551267722e+07]
1.676786646472741e+07 -1.492958193778321e+06 2.035543549528209e+07 [2.641465548043150e+07]
1.676785034543835e+07 -1.492907902797014e+06 2.035545246012123e+07 [2.641465547890993e+07]
1.676783422618656e+07 -1.492857611758851e+06 2.035546942478433e+07 [2.641465547738962e+07]
1.676781810697210e+07 -1.492807320663882e+06 2.035548638927132e+07 [2.641465547587057e+07]
1.676780198779496e+07 -1.492757029512151e+06 2.035550335358223e+07 [2.641465547435279e+07]
1.676778586865521e+07 -1.492706738303824e+06 2.035552031771699e+07 [2.641465547283629e+07]
1.676776974955272e+07 -1.492656447038659e+06 2.035553728167569e+07 [2.641465547132104e+07]
1.676775363048757e+07 -1.492606155716669e+06 2.035555424545830e+07 [2.641465546980705e+07]
1.676747961209160e+07 -1.491751194561299e+06 2.035584260281954e+07 [2.641465544426324e+07]
1.676746349369838e+07 -1.491700902217899e+06 2.035585956343239e+07 [2.641465544277206e+07]
1.676738290229240e+07 -1.491449439649790e+06 2.035594436385507e+07 [2.641465543533517e+07]
1.676736678412318e+07 -1.491399146965868e+06 2.035596132341132e+07 [2.641465543385160e+07]
1.676735066599130e+07 -1.491348854225261e+06 2.035597828279148e+07 [2.641465543236928e+07]
1.676733454789680e+07 -1.491298561428011e+06 2.035599524199548e+07 [2.641465543088824e+07]
1.676731842983959e+07 -1.491248268573866e+06 2.035601220102343e+07 [2.641465542940846e+07]
1.676730231181971e+07 -1.491197975662965e+06 2.035602915987529e+07 [2.641465542792995e+07]
1.676728619383721e+07 -1.491147682695558e+06 2.035604611855099e+07 [2.641465542645270e+07]
1.676727007589201e+07 -1.491097389671192e+06 2.035606307705065e+07 [2.641465542497673e+07]
1.676725395798413e+07 -1.491047096590081e+06 2.035608003537419e+07 [2.641465542350201e+07]
1.676723784011365e+07 -1.490996803452387e+06 2.035609699352160e+07 [2.641465542202857e+07]
1.676689937345776e+07 -1.489940634452986e+06 2.035645307393814e+07 [2.641465539137882e+07]
1.676688325640873e+07 -1.489890340067148e+06 2.035647002821128e+07 [2.641465538993324e+07]
1.676686713939700e+07 -1.489840045624491e+06 2.035648698230837e+07 [2.641465538848893e+07]
1.676685102242261e+07 -1.489789751125042e+06 2.035650393622934e+07 [2.641465538704589e+07]
1.676683490548561e+07 -1.489739456569019e+06 2.035652088997417e+07 [2.641465538560410e+07]
1.676681878858590e+07 -1.489689161956119e+06 2.035653784354294e+07 [2.641465538416359e+07]
1.676680267172354e+07 -1.489638867286542e+06 2.035655479693561e+07 [2.641465538272434e+07]
1.676678655489856e+07 -1.489588572560342e+06 2.035657175015211e+07 [2.641465538128636e+07]
1.676677043811089e+07 -1.489538277777259e+06 2.035658870319257e+07 [2.641465537984965e+07]
1.676675432136056e+07 -1.489487982937447e+06 2.035660565605692e+07 [2.641465537841421e+07]
1.676641587823091e+07 -1.488431778200007e+06 2.035696162552726e+07 [2.641465534856244e+07]
1.676639976230221e+07 -1.488381482112345e+06 2.035697857451724e+07 [2.641465534715486e+07]
1.676638364641092e+07 -1.488331185968124e+06 2.035699552333107e+07 [2.641465534574855e+07]
1.676636753055692e+07 -1.488280889767083e+06 2.035701247196885e+07 [2.641465534434350e+07]
1.676635141474029e+07 -1.488230593509268e+06 2.035702942043051e+07 [2.641465534293972e+07]
1.676633529896104e+07 -1.488180297194907e+06 2.035704636871602e+07 [2.641465534153721e+07]
1.676631918321911e+07 -1.488130000823718e+06 2.035706331682546e+07 [2.641465534013597e+07]
1.676630306751451e+07 -1.488079704395771e+06 2.035708026475879e+07 [2.641465533873598e+07]
1.676628695184733e+07 -1.488029407911259e+06 2.035709721251597e+07 [2.641465533733727e+07]
1.676627083621745e+07 -1.487979111369876e+06 2.035711416009708e+07 [2.641465533593982e+07]
1.676593241661909e+07 -1.486922870902515e+06 2.035747001861850e+07 [2.641465530688604e+07]
1.676591630181102e+07 -1.486872573113568e+06 2.035748696232516e+07 [2.641465530551646e+07]
1.676590018704031e+07 -1.486822275267976e+06 2.035750390585570e+07 [2.641465530414815e+07]
1.676588407230701e+07 -1.486771977365780e+06 2.035752084921009e+07 [2.641465530278110e+07]
1.676586795761102e+07 -1.486721679406727e+06 2.035753779238841e+07 [2.641465530141532e+07]
1.676585184295240e+07 -1.486671381390968e+06 2.035755473539062e+07 [2.641465530005081e+07]
1.676583572833117e+07 -1.486621083318730e+06 2.035757167821666e+07 [2.641465529868756e+07]
1.676581961374726e+07 -1.486570785189576e+06 2.035758862086664e+07 [2.641465529732558e+07]
1.676580349920071e+07 -1.486520487003719e+06 2.035760556334050e+07 [2.641465529596486e+07]
1.676578738469152e+07 -1.486470188761221e+06 2.035762250563825e+07 [2.641465529460542e+07]
1.676544898862957e+07 -1.485413912572131e+06 2.035797825320797e+07 [2.641465526634962e+07]
1.676543287494242e+07 -1.485363613082456e+06 2.035799519163112e+07 [2.641465526501804e+07]
1.676541676129259e+07 -1.485313313535932e+06 2.035801212987820e+07 [2.641465526368772e+07]
1.676540064768013e+07 -1.485263013932775e+06 2.035802906794916e+07 [2.641465526235868e+07]
1.676538453410503e+07 -1.485212714272876e+06 2.035804600584400e+07 [2.641465526103089e+07]
1.676536842056736e+07 -1.485162414556447e+06 2.035806294356268e+07 [2.641465525970438e+07]
1.676535230706699e+07 -1.485112114783222e+06 2.035807988110529e+07 [2.641465525837912e+07]
1.676533619360401e+07 -1.485061814953262e+06 2.035809681847177e+07 [2.641465525705515e+07]
1.676506227045099e+07 -1.484206709172300e+06 2.035838472675553e+07 [2.641465523474127e+07]
1.676504615766066e+07 -1.484156408322095e+06 2.035840166095187e+07 [2.641465523344009e+07]
1.676496559426974e+07 -1.483904903220984e+06 2.035848632929161e+07 [2.641465522695317e+07]
1.676494948170366e+07 -1.483854602030653e+06 2.035850326243121e+07 [2.641465522565959e+07]
1.676493336917493e+07 -1.483804300783565e+06 2.035852019539473e+07 [2.641465522436728e+07]
1.676491725668364e+07 -1.483753999480041e+06 2.035853712818204e+07 [2.641465522307623e+07]
1.676490114422969e+07 -1.483703698119684e+06 2.035855406079328e+07 [2.641465522178645e+07]
1.676488503181311e+07 -1.483653396702651e+06 2.035857099322838e+07 [2.641465522049793e+07]
1.676486891943394e+07 -1.483603095229167e+06 2.035858792548733e+07 [2.641465521921068e+07]
1.676485280709212e+07 -1.483552793698789e+06 2.035860485757020e+07 [2.641465521792471e+07]
1.676483669478767e+07 -1.483502492111729e+06 2.035862178947694e+07 [2.641465521663999e+07]
1.676482058252064e+07 -1.483452190468166e+06 2.035863872120752e+07 [2.641465521535654e+07]
1.676448223354680e+07 -1.482395842860425e+06 2.035899424686560e+07 [2.641465518869672e+07]
1.676446612210212e+07 -1.482345539970145e+06 2.035901117472142e+07 [2.641465518744114e+07]
1.676445001069477e+07 -1.482295237023121e+06 2.035902810240117e+07 [2.641465518618682e+07]
1.676443389932482e+07 -1.482244934019361e+06 2.035904502990480e+07 [2.641465518493377e+07]
1.676441778799229e+07 -1.482194630959097e+06 2.035906195723224e+07 [2.641465518368199e+07]
1.676440167669711e+07 -1.482144327842019e+06 2.035907888438362e+07 [2.641465518243147e+07]
1.676438556543930e+07 -1.482094024668340e+06 2.035909581135886e+07 [2.641465518118222e+07]
1.676436945421892e+07 -1.482043721438092e+06 2.035911273815792e+07 [2.641465517993423e+07]
1.676435334303588e+07 -1.481993418151032e+06 2.035912966478091e+07 [2.641465517868752e+07]
1.676433723189023e+07 -1.481943114807304e+06 2.035914659122777e+07 [2.641465517744207e+07]
1.676399890646818e+07 -1.480886731502838e+06 2.035950200592581e+07 [2.641465515158024e+07]
1.676398279614506e+07 -1.480836426912704e+06 2.035951892849783e+07 [2.641465515036266e+07]
1.676396668585937e+07 -1.480786122266067e+06 2.035953585089367e+07 [2.641465514914634e+07]
1.676395057561103e+07 -1.480735817562693e+06 2.035955277311343e+07 [2.641465514793129e+07]
1.676393446540008e+07 -1.480685512802609e+06 2.035956969515705e+07 [2.641465514671751e+07]
1.676391835522657e+07 -1.480635207986025e+06 2.035958661702450e+07 [2.641465514550499e+07]
1.676390224509040e+07 -1.480584903112704e+06 2.035960353871586e+07 [2.641465514429374e+07]
1.676388613499163e+07 -1.480534598182674e+06 2.035962046023109e+07 [2.641465514308375e+07]
1.676361226903405e+07 -1.479679405706605e+06 2.035990809904147e+07 [2.641465512270784e+07]
1.676359615960838e+07 -1.479629099757045e+06 2.035992501738631e+07 [2.641465512152065e+07]
1.676351561304111e+07 -1.479377569159735e+06 2.036000960646838e+07 [2.641465511560374e+07]
1.676349950383983e+07 -1.479327262870283e+06 2.036002652375641e+07 [2.641465511442415e+07]
1.676348339467595e+07 -1.479276956524252e+06 2.036004344086831e+07 [2.641465511324584e+07]
1.676346728554952e+07 -1.479226650121683e+06 2.036006035780402e+07 [2.641465511206879e+07]
1.676345117646044e+07 -1.479176343662326e+06 2.036007727456364e+07 [2.641465511089301e+07]
1.676343506740876e+07 -1.479126037146327e+06 2.036009419114713e+07 [2.641465510971849e+07]
1.676341895839452e+07 -1.479075730573850e+06 2.036011110755443e+07 [2.641465510854523e+07]
1.676340284941764e+07 -1.479025423944650e+06 2.036012802378565e+07 [2.641465510737326e+07]
1.676312900253343e+07 -1.478170202583429e+06 2.036041557276713e+07 [2.641465508764333e+07]
1.676311289422985e+07 -1.478119894935029e+06 2.036043248582783e+07 [2.641465508649415e+07]
1.676303235327285e+07 -1.477868355842756e+06 2.036051704848942e+07 [2.641465508076723e+07]
1.676301624519370e+07 -1.477818047854544e+06 2.036053396049327e+07 [2.641465507962564e+07]
1.676300013715192e+07 -1.477767739809550e+06 2.036055087232104e+07 [2.641465507848532e+07]
1.676298402914754e+07 -1.477717431707987e+06 2.036056778397267e+07 [2.641465507734627e+07]
1.676296792118058e+07 -1.477667123549742e+06 2.036058469544817e+07 [2.641465507620849e+07]
1.676295181325106e+07 -1.477616815335038e+06 2.036060160674746e+07 [2.641465507507197e+07]
1.676293570535891e+07 -1.477566507063610e+06 2.036061851787068e+07 [2.641465507393672e+07]
1.676291959750417e+07 -1.477516198735502e+06 2.036063542881774e+07 [2.641465507280273e+07]
1.676290348968687e+07 -1.477465890350926e+06 2.036065233958862e+07 [2.641465507167001e+07]
1.676288738190695e+07 -1.477415581909579e+06 2.036066925018341e+07 [2.641465507053857e+07]
1.676254912717078e+07 -1.476359091564031e+06 2.036102433198486e+07 [2.641465504707069e+07]
1.676253302021392e+07 -1.476308781877128e+06 2.036104123870452e+07 [2.641465504596711e+07]
1.676251691329447e+07 -1.476258472133681e+06 2.036105814524803e+07 [2.641465504486479e+07]
1.676250080641249e+07 -1.476208162333716e+06 2.036107505161535e+07 [2.641465504376374e+07]
1.676248469956788e+07 -1.476157852476986e+06 2.036109195780657e+07 [2.641465504266395e+07]
1.676246859276068e+07 -1.476107542563646e+06 2.036110886382165e+07 [2.641465504156543e+07]
1.676245248599095e+07 -1.476057232593854e+06 2.036112576966054e+07 [2.641465504046819e+07]
1.676243637925859e+07 -1.476006922567362e+06 2.036114267532333e+07 [2.641465503937220e+07]
1.676242027256364e+07 -1.475956612484200e+06 2.036115958080997e+07 [2.641465503827748e+07]
1.676240416590616e+07 -1.475906302344577e+06 2.036117648612043e+07 [2.641465503718403e+07]
1.676206593474212e+07 -1.474849776335045e+06 2.036153145695087e+07 [2.641465501451415e+07]
1.676204982890788e+07 -1.474799464950160e+06 2.036154835838609e+07 [2.641465501344856e+07]
1.676203372311102e+07 -1.474749153508529e+06 2.036156525964522e+07 [2.641465501238424e+07]
1.676201761735157e+07 -1.474698842010368e+06 2.036158216072819e+07 [2.641465501132119e+07]
1.676200151162961e+07 -1.474648530455705e+06 2.036159906163497e+07 [2.641465501025941e+07]
1.676198540594502e+07 -1.474598218844282e+06 2.036161596236564e+07 [2.641465500919889e+07]
1.676196930029785e+07 -1.474547907176326e+06 2.036163286292017e+07 [2.641465500813964e+07]
1.676195319468815e+07 -1.474497595451869e+06 2.036164976329850e+07 [2.641465500708165e+07]
1.676167940504902e+07 -1.473642287475808e+06 2.036193704277975e+07 [2.641465498928970e+07]
1.676166330011295e+07 -1.473591974732611e+06 2.036195393998742e+07 [2.641465498825451e+07]
1.676158277599424e+07 -1.473340410167911e+06 2.036203842338339e+07 [2.641465498309759e+07]
1.676156667128278e+07 -1.473290097085135e+06 2.036205531953415e+07 [2.641465498207000e+07]
1.676155056660879e+07 -1.473239783945935e+06 2.036207221550870e+07 [2.641465498104368e+07]
1.676153446197218e+07 -1.473189470750056e+06 2.036208911130715e+07 [2.641465498001863e+07]
1.676151835737300e+07 -1.473139157497529e+06 2.036210600692945e+07 [2.641465497899484e+07]
1.676150225281131e+07 -1.473088844188589e+06 2.036212290237554e+07 [2.641465497797232e+07]
1.676148614828700e+07 -1.473038530822948e+06 2.036213979764554e+07 [2.641465497695108e+07]
1.676147004380013e+07 -1.472988217400684e+06 2.036215669273937e+07 [2.641465497593109e+07]
1.676145393935073e+07 -1.472937903921979e+06 2.036217358765701e+07 [2.641465497491238e+07]
1.676143783493872e+07 -1.472887590386544e+06 2.036219048239854e+07 [2.641465497389492e+07]
1.676109965093441e+07 -1.471830993074288e+06 2.036254523127853e+07 [2.641465495282102e+07]
1.676108354734601e+07 -1.471780678294167e+06 2.036256212214464e+07 [2.641465495183143e+07]
1.676106744379504e+07 -1.471730363457483e+06 2.036257901283459e+07 [2.641465495084311e+07]
1.676105134028155e+07 -1.471680048564441e+06 2.036259590334834e+07 [2.641465494985606e+07]
1.676103523680546e+07 -1.471629733614611e+06 2.036261279368597e+07 [2.641465494887026e+07]
1.676101913336682e+07 -1.471579418608204e+06 2.036262968384746e+07 [2.641465494788576e+07]
1.676100302996565e+07 -1.471529103545393e+06 2.036264657383273e+07 [2.641465494690250e+07]
1.676098692660188e+07 -1.471478788425914e+06 2.036266346364189e+07 [2.641465494592050e+07]
1.676071317514678e+07 -1.470623422740076e+06 2.036295056344513e+07 [2.641465492942054e+07]
1.676069707245704e+07 -1.470573106602582e+06 2.036296745008337e+07 [2.641465492846135e+07]
1.676061655956986e+07 -1.470321525065832e+06 2.036305188063240e+07 [2.641465492368443e+07]
1.676060045710480e+07 -1.470271208588928e+06 2.036306876621368e+07 [2.641465492273284e+07]
1.676058435467715e+07 -1.470220892055294e+06 2.036308565161885e+07 [2.641465492178252e+07]
1.676056825228693e+07 -1.470170575465164e+06 2.036310253684786e+07 [2.641465492083347e+07]
1.676055214993417e+07 -1.470120258818417e+06 2.036311942190070e+07 [2.641465491988568e+07]
1.676053604761890e+07 -1.470069942115277e+06 2.036313630677733e+07 [2.641465491893916e+07]
1.676051994534104e+07 -1.470019625355412e+06 2.036315319147786e+07 [2.641465491799391e+07]
1.676050384310062e+07 -1.469969308539063e+06 2.036317007600222e+07 [2.641465491704993e+07]
1.676048774089771e+07 -1.469918991666249e+06 2.036318696035036e+07 [2.641465491610720e+07]
1.676047163873219e+07 -1.469868674736724e+06 2.036320384452240e+07 [2.641465491516575e+07]
1.676013350190798e+07 -1.468812006154662e+06 2.036355837144095e+07 [2.641465489568783e+07]
1.676011740056642e+07 -1.468761687981033e+06 2.036357525173737e+07 [2.641465489477424e+07]
1.676010129926231e+07 -1.468711369750918e+06 2.036359213185763e+07 [2.641465489386192e+07]
1.676008519799571e+07 -1.468661051464359e+06 2.036360901180166e+07 [2.641465489295087e+07]
1.676006909676652e+07 -1.468610733121091e+06 2.036362589156958e+07 [2.641465489204108e+07]
1.676005299557479e+07 -1.468560414721285e+06 2.036364277116134e+07 [2.641465489113256e+07]
1.676003689442056e+07 -1.468510096265087e+06 2.036365965057688e+07 [2.641465489022531e+07]
1.676002079330374e+07 -1.468459777752257e+06 2.036367652981630e+07 [2.641465488931932e+07]
1.675974708004921e+07 -1.467604354383419e+06 2.036396344993259e+07 [2.641465487411134e+07]
1.675973097960672e+07 -1.467554034852984e+06 2.036398032600094e+07 [2.641465487322816e+07]
1.675965047795596e+07 -1.467302436352276e+06 2.036406470370034e+07 [2.641465486883122e+07]
1.675963437773824e+07 -1.467252116482645e+06 2.036408157871167e+07 [2.641465486795563e+07]
1.675961827755793e+07 -1.467201796556319e+06 2.036409845354688e+07 [2.641465486708131e+07]
1.675960217741509e+07 -1.467151476573516e+06 2.036411532820591e+07 [2.641465486620826e+07]
1.675958607730976e+07 -1.467101156534284e+06 2.036413220268873e+07 [2.641465486533647e+07]
1.675956997724185e+07 -1.467050836438364e+06 2.036414907699542e+07 [2.641465486446595e+07]
1.675955387721140e+07 -1.467000516285965e+06 2.036416595112596e+07 [2.641465486359669e+07]
1.675953777721846e+07 -1.466950196077147e+06 2.036418282508026e+07 [2.641465486272871e+07]
1.675926408307043e+07 -1.466094743876847e+06 2.036446965534974e+07 [2.641465484816673e+07]
1.675924798375186e+07 -1.466044422650466e+06 2.036448652613298e+07 [2.641465484732153e+07]
1.675916748772119e+07 -1.465792815670799e+06 2.036457087740653e+07 [2.641465484311460e+07]
1.675915138862746e+07 -1.465742494105229e+06 2.036458774713274e+07 [2.641465484227701e+07]
1.675913528957124e+07 -1.465692172483302e+06 2.036460461668272e+07 [2.641465484144070e+07]
1.675911919055245e+07 -1.465641850804761e+06 2.036462148605657e+07 [2.641465484060564e+07]
1.675910309157113e+07 -1.465591529069643e+06 2.036463835525426e+07 [2.641465483977185e+07]
1.675908699262732e+07 -1.465541207278153e+06 2.036465522427572e+07 [2.641465483893933e+07]
1.675907089372095e+07 -1.465490885429998e+06 2.036467209312105e+07 [2.641465483810807e+07]
1.675905479485204e+07 -1.465440563525386e+06 2.036468896179020e+07 [2.641465483727808e+07]
1.675903869602067e+07 -1.465390241564346e+06 2.036470583028313e+07 [2.641465483644937e+07]
1.675902259722671e+07 -1.465339919546643e+06 2.036472269859994e+07 [2.641465483562191e+07]
1.675868453121092e+07 -1.464283144121889e+06 2.036507689255564e+07 [2.641465481853797e+07]
1.675866843324146e+07 -1.464232820860946e+06 2.036509375699653e+07 [2.641465481773838e+07]
1.675865233530948e+07 -1.464182497543494e+06 2.036511062126126e+07 [2.641465481694006e+07]
1.675863623741502e+07 -1.464132174169749e+06 2.036512748534976e+07 [2.641465481614300e+07]
1.675862013955800e+07 -1.464081850739293e+06 2.036514434926212e+07 [2.641465481534722e+07]
1.675860404173846e+07 -1.464031527252330e+06 2.036516121299830e+07 [2.641465481455270e+07]
1.675858794395645e+07 -1.463981203709016e+06 2.036517807655826e+07 [2.641465481375945e+07]
1.675857184621187e+07 -1.463930880109104e+06 2.036519493994208e+07 [2.641465481296746e+07]
1.675855574850477e+07 -1.463880556452624e+06 2.036521180314973e+07 [2.641465481217673e+07]
1.675853965083516e+07 -1.463830232739651e+06 2.036522866618120e+07 [2.641465481138728e+07]
1.675820160843238e+07 -1.462773421717188e+06 2.036558274914376e+07 [2.641465479510133e+07]
1.675818551158748e+07 -1.462723096761422e+06 2.036559960829918e+07 [2.641465479433975e+07]
1.675816941478003e+07 -1.462672771749003e+06 2.036561646727846e+07 [2.641465479357942e+07]
1.675815331801005e+07 -1.462622446680150e+06 2.036563332608156e+07 [2.641465479282036e+07]
1.675813722127758e+07 -1.462572121554744e+06 2.036565018470848e+07 [2.641465479206258e+07]
1.675812112458264e+07 -1.462521796373001e+06 2.036566704315916e+07 [2.641465479130606e+07]
1.675810502792514e+07 -1.462471471134617e+06 2.036568390143371e+07 [2.641465479055080e+07]
1.675808893130512e+07 -1.462421145839794e+06 2.036570075953207e+07 [2.641465478979681e+07]
1.675807283472264e+07 -1.462370820488581e+06 2.036571761745420e+07 [2.641465478904409e+07]
1.675805673817762e+07 -1.462320495080724e+06 2.036573447520020e+07 [2.641465478829264e+07]
1.675771871939295e+07 -1.461263648468846e+06 2.036608844716688e+07 [2.641465477280468e+07]
1.675770262367277e+07 -1.461213321818328e+06 2.036610530103678e+07 [2.641465477208110e+07]
1.675768652799008e+07 -1.461162995111335e+06 2.036612215473048e+07 [2.641465477135877e+07]
1.675767043234493e+07 -1.461112668348071e+06 2.036613900824796e+07 [2.641465477063772e+07]
1.675765433673724e+07 -1.461062341528116e+06 2.036615586158930e+07 [2.641465476991793e+07]
1.675763824116704e+07 -1.461012014651681e+06 2.036617271475444e+07 [2.641465476919941e+07]
1.675762214563439e+07 -1.460961687718929e+06 2.036618956774335e+07 [2.641465476848215e+07]
1.675760605013919e+07 -1.460911360729595e+06 2.036620642055613e+07 [2.641465476776616e+07]
1.675758995468149e+07 -1.460861033683732e+06 2.036622327319271e+07 [2.641465476705144e+07]
1.675757385926133e+07 -1.460810706581543e+06 2.036624012565305e+07 [2.641465476633799e+07]
1.675723586409982e+07 -1.459753824388353e+06 2.036659398662114e+07 [2.641465475164803e+07]
1.675721976950468e+07 -1.459703496043795e+06 2.036661083520529e+07 [2.641465475096244e+07]
1.675720367494702e+07 -1.459653167642619e+06 2.036662768361330e+07 [2.641465475027812e+07]
1.675718758042684e+07 -1.459602839185029e+06 2.036664453184512e+07 [2.641465474959507e+07]
1.675717148594422e+07 -1.459552510671071e+06 2.036666137990069e+07 [2.641465474891327e+07]
1.675715539149906e+07 -1.459502182100494e+06 2.036667822778013e+07 [2.641465474823276e+07]
1.675713929709140e+07 -1.459451853473510e+06 2.036669507548337e+07 [2.641465474755350e+07]
1.675712320272130e+07 -1.459401524790166e+06 2.036671192301036e+07 [2.641465474687551e+07]
1.675710710838866e+07 -1.459351196050193e+06 2.036672877036121e+07 [2.641465474619879e+07]
1.675709101409352e+07 -1.459300867253755e+06 2.036674561753588e+07 [2.641465474552333e+07]
1.675675304256037e+07 -1.458243949487845e+06 2.036709936750252e+07 [2.641465473163137e+07]
1.675673694909044e+07 -1.458193619449320e+06 2.036711621080089e+07 [2.641465473098378e+07]
1.675672085565806e+07 -1.458143289354512e+06 2.036713305392301e+07 [2.641465473033746e+07]
1.675670476226315e+07 -1.458092959203146e+06 2.036714989686900e+07 [2.641465472969240e+07]
1.675668866890576e+07 -1.458042628995275e+06 2.036716673963878e+07 [2.641465472904862e+07]
1.675667257558592e+07 -1.457992298731104e+06 2.036718358223232e+07 [2.641465472840609e+07]
1.675665648230356e+07 -1.457941968410319e+06 2.036720042464971e+07 [2.641465472776484e+07]
1.675664038905870e+07 -1.457891638033151e+06 2.036721726689090e+07 [2.641465472712485e+07]
1.675662429585141e+07 -1.457841307599627e+06 2.036723410895585e+07 [2.641465472648613e+07]
1.675660820268158e+07 -1.457790977109498e+06 2.036725095084464e+07 [2.641465472584867e+07]
1.675627025478183e+07 -1.456734023778973e+06 2.036760458980713e+07 [2.641465471275470e+07]
1.675625416243739e+07 -1.456683692047045e+06 2.036762142781955e+07 [2.641465471214512e+07]
1.675623807013047e+07 -1.456633360258682e+06 2.036763826565576e+07 [2.641465471153679e+07]
1.675622197786112e+07 -1.456583028414028e+06 2.036765510331573e+07 [2.641465471092974e+07]
1.675620588562923e+07 -1.456532696512848e+06 2.036767194079953e+07 [2.641465471032395e+07]
1.675618979343487e+07 -1.456482364555161e+06 2.036768877810714e+07 [2.641465470971942e+07]
1.675617370127808e+07 -1.456432032541197e+06 2.036770561523850e+07 [2.641465470911617e+07]
1.675615760915876e+07 -1.456381700470698e+06 2.036772245219370e+07 [2.641465470851418e+07]
1.675614151707696e+07 -1.456331368343697e+06 2.036773928897271e+07 [2.641465470791346e+07]
1.675612542503270e+07 -1.456281036160262e+06 2.036775612557551e+07 [2.641465470731401e+07]
1.675578750077145e+07 -1.455224047273402e+06 2.036810965353110e+07 [2.641465469501803e+07]
1.675577140955278e+07 -1.455173713848614e+06 2.036812648625737e+07 [2.641465469444644e+07]
1.675575531837160e+07 -1.455123380367248e+06 2.036814331880749e+07 [2.641465469387612e+07]
1.675573922722794e+07 -1.455073046829516e+06 2.036816015118140e+07 [2.641465469330706e+07]
1.675572313612182e+07 -1.455022713235295e+06 2.036817698337911e+07 [2.641465469273928e+07]
1.675570704505327e+07 -1.454972379584805e+06 2.036819381540056e+07 [2.641465469217275e+07]
1.675569095402221e+07 -1.454922045877731e+06 2.036821064724586e+07 [2.641465469160750e+07]
1.675567486302867e+07 -1.454871712114292e+06 2.036822747891494e+07 [2.641465469104351e+07]
1.675565877207271e+07 -1.454821378294539e+06 2.036824431040778e+07 [2.641465469048079e+07]
1.675564268115423e+07 -1.454771044418192e+06 2.036826114172445e+07 [2.641465468991933e+07]
1.675530478053658e+07 -1.453714019983266e+06 2.036861455867039e+07 [2.641465467842136e+07]
1.675528869044385e+07 -1.453663684865703e+06 2.036863138611050e+07 [2.641465467788778e+07]
1.675527260038865e+07 -1.453613349691727e+06 2.036864821337438e+07 [2.641465467735545e+07]
1.675525651037103e+07 -1.453563014461556e+06 2.036866504046201e+07 [2.641465467682439e+07]
1.675524042039090e+07 -1.453512679174757e+06 2.036868186737348e+07 [2.641465467629460e+07]
1.675522433044832e+07 -1.453462343831541e+06 2.036869869410875e+07 [2.641465467576608e+07]
1.675520824054331e+07 -1.453412008432075e+06 2.036871552066774e+07 [2.641465467523882e+07]
1.675519215067580e+07 -1.453361672976101e+06 2.036873234705058e+07 [2.641465467471283e+07]
1.675517606084583e+07 -1.453311337463643e+06 2.036874917325722e+07 [2.641465467418811e+07]
1.675515997105343e+07 -1.453261001894943e+06 2.036876599928759e+07 [2.641465467366466e+07]
1.675482209408443e+07 -1.452203941920071e+06 2.036911930522117e+07 [2.641465466296468e+07]
1.675480600511796e+07 -1.452153605110439e+06 2.036913612737487e+07 [2.641465466246909e+07]
1.675478991618898e+07 -1.452103268244255e+06 2.036915294935240e+07 [2.641465466197477e+07]
1.675477382729755e+07 -1.452052931321720e+06 2.036916977115373e+07 [2.641465466148171e+07]
1.675475773844371e+07 -1.452002594342891e+06 2.036918659277878e+07 [2.641465466098992e+07]
1.675474164962738e+07 -1.451952257307505e+06 2.036920341422767e+07 [2.641465466049940e+07]
1.675472556084858e+07 -1.451901920215717e+06 2.036922023550034e+07 [2.641465466001014e+07]
1.675470947210738e+07 -1.451851583067751e+06 2.036923705659676e+07 [2.641465465952216e+07]
1.675443596925122e+07 -1.450995842921065e+06 2.036952298827535e+07 [2.641465465142014e+07]
1.675441988118584e+07 -1.450945504757845e+06 2.036953980619992e+07 [2.641465465095495e+07]
1.675433944142235e+07 -1.450693813095951e+06 2.036962389317942e+07 [2.641465464864800e+07]
1.675432335358229e+07 -1.450643474594331e+06 2.036964071004668e+07 [2.641465464819041e+07]
1.675430726577984e+07 -1.450593136036478e+06 2.036965752673768e+07 [2.641465464773409e+07]
1.675429117801487e+07 -1.450542797422145e+06 2.036967434325250e+07 [2.641465464727903e+07]
1.675427509028748e+07 -1.450492458751360e+06 2.036969115959111e+07 [2.641465464682524e+07]
1.675425900259768e+07 -1.450442120024355e+06 2.036970797575345e+07 [2.641465464637272e+07]
1.675424291494539e+07 -1.450391781240802e+06 2.036972479173962e+07 [2.641465464592146e+07]
1.675422682733065e+07 -1.450341442400922e+06 2.036974160754957e+07 [2.641465464547148e+07]
1.675421073975351e+07 -1.450291103504755e+06 2.036975842318326e+07 [2.641465464502276e+07]
1.675419465221388e+07 -1.450240764552046e+06 2.036977523864077e+07 [2.641465464457529e+07]
1.675385682255758e+07 -1.449183633522575e+06 2.037012832254125e+07 [2.641465463547131e+07]
1.675384073584423e+07 -1.449133293329518e+06 2.037014513412190e+07 [2.641465463505173e+07]
1.675382464916843e+07 -1.449082953080081e+06 2.037016194552632e+07 [2.641465463463340e+07]
1.675380856253024e+07 -1.449032612774434e+06 2.037017875675448e+07 [2.641465463421635e+07]
1.675379247592957e+07 -1.448982272412311e+06 2.037019556780646e+07 [2.641465463380056e+07]
1.675377638936646e+07 -1.448931931993763e+06 2.037021237868222e+07 [2.641465463338604e+07]
1.675376030284095e+07 -1.448881591518993e+06 2.037022918938170e+07 [2.641465463297278e+07]
1.675374421635296e+07 -1.448831250987750e+06 2.037024599990502e+07 [2.641465463256079e+07]
1.675372812990254e+07 -1.448780910400081e+06 2.037026281025210e+07 [2.641465463215007e+07]
1.675371204348967e+07 -1.448730569756038e+06 2.037027962042296e+07 [2.641465463174060e+07]
1.675337423749735e+07 -1.447673403211597e+06 2.037063259330279e+07 [2.641465462343463e+07]
1.675335815191099e+07 -1.447623061327658e+06 2.037064939959665e+07 [2.641465462305304e+07]
1.675334206636214e+07 -1.447572719387193e+06 2.037066620571432e+07 [2.641465462267271e+07]
1.675332598085086e+07 -1.447522377390430e+06 2.037068301165577e+07 [2.641465462229366e+07]
1.675330989537716e+07 -1.447472035337240e+06 2.037069981742100e+07 [2.641465462191587e+07]
1.675329380994107e+07 -1.447421693227860e+06 2.037071662300994e+07 [2.641465462153935e+07]
1.675327772454251e+07 -1.447371351061953e+06 2.037073342842271e+07 [2.641465462116409e+07]
1.675326163918151e+07 -1.447321008839744e+06 2.037075023365925e+07 [2.641465462079011e+07]
1.675324555385813e+07 -1.447270666561278e+06 2.037076703871951e+07 [2.641465462041738e+07]
1.675322946857228e+07 -1.447220324226301e+06 2.037078384360359e+07 [2.641465462004592e+07]
1.675289168624900e+07 -1.446163122175035e+06 2.037113670546006e+07 [2.641465461253794e+07]
1.675287560178977e+07 -1.446112778600280e+06 2.037115350646709e+07 [2.641465461219436e+07]
1.675285951736813e+07 -1.446062434969178e+06 2.037117030729789e+07 [2.641465461185203e+07]
1.675284343298409e+07 -1.446012091281949e+06 2.037118710795240e+07 [2.641465461151097e+07]
1.675282734863761e+07 -1.445961747538157e+06 2.037120390843073e+07 [2.641465461117119e+07]
1.675281126432869e+07 -1.445911403738009e+06 2.037122070873283e+07 [2.641465461083266e+07]
1.675279518005740e+07 -1.445861059881680e+06 2.037123750885865e+07 [2.641465461049541e+07]
1.675277909582363e+07 -1.445810715968902e+06 2.037125430880829e+07 [2.641465461015941e+07]
1.675250566959971e+07 -1.444954860831208e+06 2.037153988098820e+07 [2.641465460464140e+07]
1.675248958604246e+07 -1.444904515904379e+06 2.037155667776558e+07 [2.641465460432820e+07]
1.675240916881975e+07 -1.444652790424650e+06 2.037164065900917e+07 [2.641465460278126e+07]
1.675239308548800e+07 -1.444602445159804e+06 2.037165745472914e+07 [2.641465460247567e+07]
1.675237700219379e+07 -1.444552099838459e+06 2.037167425027292e+07 [2.641465460217134e+07]
1.675236091893716e+07 -1.444501754460833e+06 2.037169104564047e+07 [2.641465460186829e+07]
1.675234483571817e+07 -1.444451409026984e+06 2.037170784083173e+07 [2.641465460156650e+07]
1.675232875253671e+07 -1.444401063536637e+06 2.037172463584680e+07 [2.641465460126597e+07]
1.675231266939285e+07 -1.444350717989959e+06 2.037174143068565e+07 [2.641465460096672e+07]
1.675229658628661e+07 -1.444300372387166e+06 2.037175822534820e+07 [2.641465460066874e+07]
1.675228050321792e+07 -1.444250026727816e+06 2.037177501983457e+07 [2.641465460037201e+07]
1.675226442018680e+07 -1.444199681012141e+06 2.037179181414470e+07 [2.641465460007655e+07]
1.675192668521695e+07 -1.443142407972467e+06 2.037214445394611e+07 [2.641465459416457e+07]
1.675191060301282e+07 -1.443092061017592e+06 2.037216124437899e+07 [2.641465459389698e+07]
1.675189452084634e+07 -1.443041714006565e+06 2.037217803463559e+07 [2.641465459363066e+07]
1.675187843871741e+07 -1.442991366939048e+06 2.037219482471599e+07 [2.641465459336561e+07]
1.675186235662606e+07 -1.442941019815275e+06 2.037221161462015e+07 [2.641465459310181e+07]
1.675184627457235e+07 -1.442890672635277e+06 2.037222840434802e+07 [2.641465459283929e+07]
1.675183019255620e+07 -1.442840325398799e+06 2.037224519389970e+07 [2.641465459257804e+07]
1.675181411057764e+07 -1.442789978106062e+06 2.037226198327514e+07 [2.641465459231804e+07]
1.675179802863672e+07 -1.442739630757106e+06 2.037227877247429e+07 [2.641465459205932e+07]
1.675178194673334e+07 -1.442689283351671e+06 2.037229556149724e+07 [2.641465459180186e+07]
1.675144423544781e+07 -1.441631974830145e+06 2.037264809026703e+07 [2.641465458668789e+07]
1.675142815437161e+07 -1.441581626185808e+06 2.037266487541264e+07 [2.641465458645830e+07]
1.675141207333300e+07 -1.441531277485164e+06 2.037268166038201e+07 [2.641465458622997e+07]
1.675139599233204e+07 -1.441480928728362e+06 2.037269844517509e+07 [2.641465458600291e+07]
1.675137991136863e+07 -1.441430579915159e+06 2.037271522979197e+07 [2.641465458577713e+07]
1.675136383044283e+07 -1.441380231045590e+06 2.037273201423260e+07 [2.641465458555260e+07]
1.675134774955467e+07 -1.441329882119867e+06 2.037274879849694e+07 [2.641465458532935e+07]
1.675133166870407e+07 -1.441279533137744e+06 2.037276558258509e+07 [2.641465458510736e+07]
1.675131558789108e+07 -1.441229184099250e+06 2.037278236649699e+07 [2.641465458488664e+07]
1.675129950711568e+07 -1.441178835004455e+06 2.037279915023264e+07 [2.641465458466718e+07]
1.675096181951958e+07 -1.440121491009358e+06 2.037315156796805e+07 [2.641465458035120e+07]
1.675094573957157e+07 -1.440071140676099e+06 2.037316834782622e+07 [2.641465458015961e+07]
1.675092965966113e+07 -1.440020790286397e+06 2.037318512750818e+07 [2.641465457996929e+07]
1.675091357978829e+07 -1.439970439840452e+06 2.037320190701390e+07 [2.641465457978023e+07]
1.675089749995307e+07 -1.439920089338155e+06 2.037321868634336e+07 [2.641465457959244e+07]
1.675088142015550e+07 -1.439869738779720e+06 2.037323546549654e+07 [2.641465457940592e+07]
1.675086534039550e+07 -1.439819388164839e+06 2.037325224447351e+07 [2.641465457922067e+07]
1.675084926067310e+07 -1.439769037493716e+06 2.037326902327422e+07 [2.641465457903668e+07]
1.675083318098836e+07 -1.439718686766403e+06 2.037328580189865e+07 [2.641465457885395e+07]
1.675081710134120e+07 -1.439668335982641e+06 2.037330258034686e+07 [2.641465457867249e+07]
1.675047943743960e+07 -1.438610956522248e+06 2.037365488704516e+07 [2.641465457515452e+07]
1.675046335861995e+07 -1.438560604500159e+06 2.037367166161584e+07 [2.641465457500093e+07]
1.675044727983791e+07 -1.438510252421780e+06 2.037368843601028e+07 [2.641465457484861e+07]
1.675043120109353e+07 -1.438459900287281e+06 2.037370521022841e+07 [2.641465457469755e+07]
1.675041512238673e+07 -1.438409548096409e+06 2.037372198427033e+07 [2.641465457454777e+07]
1.675039904371755e+07 -1.438359195849190e+06 2.037373875813600e+07 [2.641465457439924e+07]
1.675038296508603e+07 -1.438308843545853e+06 2.037375553182537e+07 [2.641465457425198e+07]
1.675036688649208e+07 -1.438258491186132e+06 2.037377230533854e+07 [2.641465457410599e+07]
1.675035080793575e+07 -1.438208138770071e+06 2.037378907867545e+07 [2.641465457396127e+07]
1.675033472941709e+07 -1.438157786297897e+06 2.037380585183605e+07 [2.641465457381782e+07]
1.674999708921504e+07 -1.437100371380325e+06 2.037415804749454e+07 [2.641465457109785e+07]
1.674998101152407e+07 -1.437050017670114e+06 2.037417481677751e+07 [2.641465457098226e+07]
1.674996493387069e+07 -1.436999663903465e+06 2.037419158588428e+07 [2.641465457086793e+07]
1.674994885625492e+07 -1.436949310080619e+06 2.037420835481479e+07 [2.641465457075487e+07]
1.674993277867683e+07 -1.436898956201587e+06 2.037422512356900e+07 [2.641465457064309e+07]
1.674991670113632e+07 -1.436848602266144e+06 2.037424189214699e+07 [2.641465457053257e+07]
1.674990062363344e+07 -1.436798248274419e+06 2.037425866054872e+07 [2.641465457042331e+07]
1.674988454616822e+07 -1.436747894226655e+06 2.037427542877415e+07 [2.641465457031532e+07]
1.674986846874059e+07 -1.436697540122401e+06 2.037429219682337e+07 [2.641465457020859e+07]
1.674985239135060e+07 -1.436647185961886e+06 2.037430896469633e+07 [2.641465457010314e+07]
1.674951477485327e+07 -1.435589735595746e+06 2.037466104931217e+07 [2.641465456818117e+07]
1.674949869829114e+07 -1.435539380197486e+06 2.037467781330740e+07 [2.641465456810358e+07]
1.674948262176669e+07 -1.435489024743121e+06 2.037469457712632e+07 [2.641465456802725e+07]
1.674946654527983e+07 -1.435438669232342e+06 2.037471134076904e+07 [2.641465456795220e+07]
1.674945046883059e+07 -1.435388313665370e+06 2.037472810423549e+07 [2.641465456787841e+07]
1.674943439241904e+07 -1.435337958042243e+06 2.037474486752562e+07 [2.641465456780589e+07]
1.674941831604508e+07 -1.435287602362696e+06 2.037476163063955e+07 [2.641465456773463e+07]
1.674940223970876e+07 -1.435237246626957e+06 2.037477839357721e+07 [2.641465456766465e+07]
1.674912894774991e+07 -1.434381190513176e+06 2.037506333654883e+07 [2.641465456666863e+07]
1.674911287209106e+07 -1.434330833764884e+06 2.037508009631373e+07 [2.641465456662145e+07]
1.674903249436150e+07 -1.434079049180177e+06 2.037516389249419e+07 [2.641465456640450e+07]
1.674901641892850e+07 -1.434028692094415e+06 2.037518065120151e+07 [2.641465456636491e+07]
1.674900034353313e+07 -1.433978334952415e+06 2.037519740973255e+07 [2.641465456632659e+07]
1.674898426817546e+07 -1.433927977754326e+06 2.037521416808729e+07 [2.641465456628954e+07]
1.674896819285537e+07 -1.433877620499897e+06 2.037523092626580e+07 [2.641465456625374e+07]
1.674895211757294e+07 -1.433827263189165e+06 2.037524768426805e+07 [2.641465456621922e+07]
1.674893604232819e+07 -1.433776905822353e+06 2.037526444209398e+07 [2.641465456618596e+07]
1.674891996712104e+07 -1.433726548399142e+06 2.037528119974370e+07 [2.641465456615398e+07]
1.674890389195153e+07 -1.433676190919746e+06 2.037529795721714e+07 [2.641465456612325e+07]
1.674888781681966e+07 -1.433625833384054e+06 2.037531471451432e+07 [2.641465456609380e+07]
1.674855024774695e+07 -1.432568312145297e+06 2.037566657703674e+07 [2.641465456576784e+07]
1.674853417344336e+07 -1.432517953372593e+06 2.037568333045595e+07 [2.641465456576624e+07]
1.674851809917738e+07 -1.432467594543497e+06 2.037570008369895e+07 [2.641465456576592e+07]
1.674850202494903e+07 -1.432417235658241e+06 2.037571683676567e+07 [2.641465456576686e+07]
1.674848595075834e+07 -1.432366876716690e+06 2.037573358965612e+07 [2.641465456576908e+07]
1.674846987660535e+07 -1.432316517719064e+06 2.037575034237025e+07 [2.641465456577256e+07]
1.674845380248997e+07 -1.432266158665059e+06 2.037576709490815e+07 [2.641465456577730e+07]
1.674843772841223e+07 -1.432215799554878e+06 2.037578384726980e+07 [2.641465456578332e+07]
1.674842165437219e+07 -1.432165440388584e+06 2.037580059945510e+07 [2.641465456579059e+07]
1.674840558036976e+07 -1.432115081165893e+06 2.037581735146420e+07 [2.641465456579914e+07]
1.674806803501698e+07 -1.431057524503244e+06 2.037616910293581e+07 [2.641465456627118e+07]
1.674805196184295e+07 -1.431007164043677e+06 2.037618585106688e+07 [2.641465456630758e+07]
1.674803588870658e+07 -1.430956803527893e+06 2.037620259902170e+07 [2.641465456634527e+07]
1.674801981560791e+07 -1.430906442956049e+06 2.037621934680017e+07 [2.641465456638421e+07]
1.674800374254685e+07 -1.430856082327888e+06 2.037623609440242e+07 [2.641465456642441e+07]
1.674798766952346e+07 -1.430805721643456e+06 2.037625284182841e+07 [2.641465456646590e+07]
1.674797159653777e+07 -1.430755360902968e+06 2.037626958907807e+07 [2.641465456650864e+07]
1.674795552358969e+07 -1.430705000106168e+06 2.037628633615149e+07 [2.641465456655265e+07]
1.674793945067927e+07 -1.430654639253082e+06 2.037630308304865e+07 [2.641465456659794e+07]
1.674792337780655e+07 -1.430604278343949e+06 2.037631982976947e+07 [2.641465456664448e+07]
1.674758585617875e+07 -1.429546686265557e+06 2.037667147018757e+07 [2.641465456791452e+07]
1.674756978413462e+07 -1.429496324119829e+06 2.037668821303029e+07 [2.641465456798893e+07]
1.674755371212811e+07 -1.429445961917742e+06 2.037670495569678e+07 [2.641465456806461e+07]
1.674753764015926e+07 -1.429395599659450e+06 2.037672169818699e+07 [2.641465456814156e+07]
1.674752156822812e+07 -1.429345237345186e+06 2.037673844050087e+07 [2.641465456821976e+07]
1.674750549633461e+07 -1.429294874974485e+06 2.037675518263852e+07 [2.641465456829925e+07]
1.674748942447877e+07 -1.429244512547592e+06 2.037677192459989e+07 [2.641465456837999e+07]
1.674747335266063e+07 -1.429194150064656e+06 2.037678866638493e+07 [2.641465456846200e+07]
1.674745728088012e+07 -1.429143787525418e+06 2.037680540799374e+07 [2.641465456854528e+07]
1.674744120913728e+07 -1.429093424929916e+06 2.037682214942627e+07 [2.641465456862982e+07]
1.674710371123960e+07 -1.428035797444359e+06 2.037717367878804e+07 [2.641465457069787e+07]
1.674708764032552e+07 -1.427985433612564e+06 2.037719041634237e+07 [2.641465457081028e+07]
1.674707156944915e+07 -1.427935069724729e+06 2.037720715372036e+07 [2.641465457092396e+07]
1.674705549861042e+07 -1.427884705780547e+06 2.037722389092211e+07 [2.641465457103891e+07]
1.674703942780936e+07 -1.427834341780241e+06 2.037724062794759e+07 [2.641465457115512e+07]
1.674702335704602e+07 -1.427783977723842e+06 2.037725736479673e+07 [2.641465457127260e+07]
1.674700728632031e+07 -1.427733613611087e+06 2.037727410146964e+07 [2.641465457139135e+07]
1.674699121563227e+07 -1.427683249442219e+06 2.037729083796626e+07 [2.641465457151135e+07]
1.674671801970049e+07 -1.426827049975110e+06 2.037757533143689e+07 [2.641465457374536e+07]
1.674670194969065e+07 -1.426776684794861e+06 2.037759206476036e+07 [2.641465457388817e+07]
1.674662160020677e+07 -1.426524858051348e+06 2.037767572873334e+07 [2.641465457462123e+07]
1.674660553042302e+07 -1.426474492534029e+06 2.037769246099910e+07 [2.641465457477165e+07]
1.674658946067696e+07 -1.426424126960533e+06 2.037770919308856e+07 [2.641465457492332e+07]
1.674657339096862e+07 -1.426373761331010e+06 2.037772592500169e+07 [2.641465457507627e+07]
1.674655732129791e+07 -1.426323395645214e+06 2.037774265673858e+07 [2.641465457523048e+07]
1.674654125166489e+07 -1.426273029903186e+06 2.037775938829917e+07 [2.641465457538596e+07]
1.674652518206960e+07 -1.426222664105140e+06 2.037777611968344e+07 [2.641465457554271e+07]
1.674650911251195e+07 -1.426172298250757e+06 2.037779285089146e+07 [2.641465457570072e+07]
1.674623593579788e+07 -1.425316070133005e+06 2.037807725445529e+07 [2.641465457858073e+07]
1.674621986691862e+07 -1.425265703267713e+06 2.037809398249004e+07 [2.641465457876154e+07]
1.674613952308745e+07 -1.425013868098202e+06 2.037817762001963e+07 [2.641465457968460e+07]
1.674612345443432e+07 -1.424963500895903e+06 2.037819434699663e+07 [2.641465457987301e+07]
1.674610738581884e+07 -1.424913133637291e+06 2.037821107379739e+07 [2.641465458006269e+07]
1.674609131724105e+07 -1.424862766322507e+06 2.037822780042185e+07 [2.641465458025364e+07]
1.674607524870095e+07 -1.424812398951623e+06 2.037824452687002e+07 [2.641465458044585e+07]
1.674605918019859e+07 -1.424762031524680e+06 2.037826125314186e+07 [2.641465458063933e+07]
1.674604311173387e+07 -1.424711664041411e+06 2.037827797923744e+07 [2.641465458083407e+07]
1.674602704330683e+07 -1.424661296502039e+06 2.037829470515674e+07 [2.641465458103009e+07]
1.674575388581467e+07 -1.423805039740550e+06 2.037857901881146e+07 [2.641465458455610e+07]
1.674573781806614e+07 -1.423754671190286e+06 2.037859574155745e+07 [2.641465458477491e+07]
1.674565747988899e+07 -1.423502827597068e+06 2.037867935264288e+07 [2.641465458588797e+07]
1.674564141236664e+07 -1.423452458709884e+06 2.037869607433110e+07 [2.641465458611438e+07]
1.674562534488198e+07 -1.423402089766543e+06 2.037871279584302e+07 [2.641465458634206e+07]
1.674560927743508e+07 -1.423351720767216e+06 2.037872951717860e+07 [2.641465458657102e+07]
1.674559321002581e+07 -1.423301351711637e+06 2.037874623833793e+07 [2.641465458680122e+07]
1.674557714265426e+07 -1.423250982599853e+06 2.037876295932095e+07 [2.641465458703271e+07]
1.674556107532044e+07 -1.423200613432075e+06 2.037877968012764e+07 [2.641465458726545e+07]
1.674554500802428e+07 -1.423150244207987e+06 2.037879640075808e+07 [2.641465458749947e+07]
1.674527186975805e+07 -1.422293958809265e+06 2.037908062450158e+07 [2.641465459167148e+07]
1.674525580314057e+07 -1.422243588574740e+06 2.037909734195859e+07 [2.641465459192830e+07]
1.674517547061856e+07 -1.421991736559468e+06 2.037918092659932e+07 [2.641465459323135e+07]
1.674515940422731e+07 -1.421941365988105e+06 2.037919764299853e+07 [2.641465459349577e+07]
1.674514333787373e+07 -1.421890995360438e+06 2.037921435922148e+07 [2.641465459376145e+07]
1.674512727155785e+07 -1.421840624676637e+06 2.037923107526813e+07 [2.641465459402839e+07]
1.674511120527972e+07 -1.421790253936917e+06 2.037924779113843e+07 [2.641465459429661e+07]
1.674509513903925e+07 -1.421739883140843e+06 2.037926450683248e+07 [2.641465459456609e+07]
1.674507907283649e+07 -1.421689512288631e+06 2.037928122235023e+07 [2.641465459483683e+07]
1.674506300667149e+07 -1.421639141380440e+06 2.037929793769163e+07 [2.641465459510885e+07]
1.674478988763534e+07 -1.420782827351315e+06 2.037958207152165e+07 [2.641465459992687e+07]
1.674477382214907e+07 -1.420732455432597e+06 2.037959878368964e+07 [2.641465460022169e+07]
1.674469349528350e+07 -1.420480594997559e+06 2.037968234188493e+07 [2.641465460171475e+07]
1.674467743002351e+07 -1.420430222742095e+06 2.037969905299508e+07 [2.641465460201716e+07]
1.674466136480128e+07 -1.420379850430663e+06 2.037971576392889e+07 [2.641465460232084e+07]
1.674464529961672e+07 -1.420329478062934e+06 2.037973247468644e+07 [2.641465460262579e+07]
1.674462923446987e+07 -1.420279105639149e+06 2.037974918526768e+07 [2.641465460293201e+07]
1.674461316936078e+07 -1.420228733159340e+06 2.037976589567257e+07 [2.641465460323948e+07]
1.674459710428937e+07 -1.420178360623254e+06 2.037978260590121e+07 [2.641465460354823e+07]
1.674458103925567e+07 -1.420127988031038e+06 2.037979931595353e+07 [2.641465460385824e+07]
1.674456497425972e+07 -1.420077615382921e+06 2.037981602582951e+07 [2.641465460416953e+07]
1.674454890930146e+07 -1.420027242678468e+06 2.037983273552922e+07 [2.641465460448207e+07]
1.674421155389101e+07 -1.418969402923039e+06 2.038018359849584e+07 [2.641465461133815e+07]
1.674419548976257e+07 -1.418919028984014e+06 2.038020030431678e+07 [2.641465461167857e+07]
1.674417942567185e+07 -1.418868654988879e+06 2.038021700996141e+07 [2.641465461202025e+07]
1.674416336161889e+07 -1.418818280937796e+06 2.038023371542967e+07 [2.641465461236319e+07]
1.674414729760361e+07 -1.418767906830500e+06 2.038025042072168e+07 [2.641465461270741e+07]
1.674413123362606e+07 -1.418717532667038e+06 2.038026712583738e+07 [2.641465461305289e+07]
1.674411516968627e+07 -1.418667158447623e+06 2.038028383077672e+07 [2.641465461339964e+07]
1.674409910578416e+07 -1.418616784171935e+06 2.038030053553980e+07 [2.641465461374766e+07]
1.674408304191977e+07 -1.418566409840208e+06 2.038031724012656e+07 [2.641465461409692e+07]
1.674406697809311e+07 -1.418516035452301e+06 2.038033394453702e+07 [2.641465461444747e+07]
1.674372964644831e+07 -1.417458160347560e+06 2.038068469642822e+07 [2.641465462210157e+07]
1.674371358345170e+07 -1.417407784725546e+06 2.038070139695976e+07 [2.641465462247998e+07]
1.674369752049277e+07 -1.417357409047269e+06 2.038071809731503e+07 [2.641465462285966e+07]
1.674368145757157e+07 -1.417307033312897e+06 2.038073479749399e+07 [2.641465462324061e+07]
1.674366539468810e+07 -1.417256657522481e+06 2.038075149749663e+07 [2.641465462362283e+07]
1.674364933184241e+07 -1.417206281676072e+06 2.038076819732291e+07 [2.641465462400631e+07]
1.674363326903440e+07 -1.417155905773409e+06 2.038078489697292e+07 [2.641465462439105e+07]
1.674361720626412e+07 -1.417105529814708e+06 2.038080159644662e+07 [2.641465462477706e+07]
1.674334414494293e+07 -1.416249129934681e+06 2.038108546052289e+07 [2.641465463153310e+07]
1.674332808285188e+07 -1.416198752966267e+06 2.038110215682290e+07 [2.641465463194192e+07]
1.674324777296273e+07 -1.415946867283245e+06 2.038118563567808e+07 [2.641465463400499e+07]
1.674323171109809e+07 -1.415896489978371e+06 2.038120233092018e+07 [2.641465463442140e+07]
1.674321564927120e+07 -1.415846112617347e+06 2.038121902598596e+07 [2.641465463483908e+07]
1.674319958748209e+07 -1.415795735200403e+06 2.038123572087538e+07 [2.641465463525803e+07]
1.674318352573067e+07 -1.415745357727270e+06 2.038125241558852e+07 [2.641465463567825e+07]
1.674316746401699e+07 -1.415694980197988e+06 2.038126911012535e+07 [2.641465463609973e+07]
1.674315140234110e+07 -1.415644602612792e+06 2.038128580448581e+07 [2.641465463652248e+07]
1.674313534070290e+07 -1.415594224971347e+06 2.038130249867000e+07 [2.641465463694649e+07]
1.674286229862819e+07 -1.414737796487643e+06 2.038158627282401e+07 [2.641465464434854e+07]
1.674284623766940e+07 -1.414687417836944e+06 2.038160296383438e+07 [2.641465464479535e+07]
1.674276593344143e+07 -1.414435523741800e+06 2.038168641624160e+07 [2.641465464704843e+07]
1.674274987270911e+07 -1.414385144754657e+06 2.038170310619404e+07 [2.641465464750284e+07]
1.674273381201449e+07 -1.414334765711277e+06 2.038171979597021e+07 [2.641465464795852e+07]
1.674271775135762e+07 -1.414284386611833e+06 2.038173648557005e+07 [2.641465464841547e+07]
1.674270169073854e+07 -1.414234007456534e+06 2.038175317499352e+07 [2.641465464887368e+07]
1.674268563015716e+07 -1.414183628244941e+06 2.038176986424071e+07 [2.641465464933316e+07]
1.674266956961353e+07 -1.414133248977282e+06 2.038178655331159e+07 [2.641465464979392e+07]
1.674265350910770e+07 -1.414082869653714e+06 2.038180324220609e+07 [2.641465465025593e+07]
1.674263744863956e+07 -1.414032490273967e+06 2.038181993092432e+07 [2.641465465071921e+07]
1.674262138820918e+07 -1.413982110838105e+06 2.038183661946622e+07 [2.641465465118376e+07]
1.674228412789174e+07 -1.412924129735190e+06 2.038218703811480e+07 [2.641465466123187e+07]
1.674226806829189e+07 -1.412873749065923e+06 2.038220372277755e+07 [2.641465466172428e+07]
1.674225200872983e+07 -1.412823368340743e+06 2.038222040726392e+07 [2.641465466221797e+07]
1.674223594920549e+07 -1.412772987559349e+06 2.038223709157401e+07 [2.641465466271291e+07]
1.674221988971890e+07 -1.412722606721959e+06 2.038225377570777e+07 [2.641465466320913e+07]
1.674220383027011e+07 -1.412672225828612e+06 2.038227045966516e+07 [2.641465466370662e+07]
1.674218777085903e+07 -1.412621844879047e+06 2.038228714344626e+07 [2.641465466420536e+07]
1.674217171148571e+07 -1.412571463873423e+06 2.038230382705105e+07 [2.641465466470538e+07]
1.674215565215019e+07 -1.412521082811970e+06 2.038232051047945e+07 [2.641465466520666e+07]
1.674213959285238e+07 -1.412470701694234e+06 2.038233719373158e+07 [2.641465466570921e+07]
1.674180235632087e+07 -1.411412685275117e+06 2.038268750129383e+07 [2.641465467655532e+07]
1.674178629785376e+07 -1.411362302924327e+06 2.038270418066670e+07 [2.641465467708574e+07]
1.674177023942443e+07 -1.411311920517438e+06 2.038272085986324e+07 [2.641465467761743e+07]
1.674175418103290e+07 -1.411261538054650e+06 2.038273753888340e+07 [2.641465467815037e+07]
1.674173812267908e+07 -1.411211155535718e+06 2.038275421772728e+07 [2.641465467868459e+07]
1.674172206436303e+07 -1.411160772960694e+06 2.038277089639482e+07 [2.641465467922007e+07]
1.674170600608480e+07 -1.411110390329781e+06 2.038278757488599e+07 [2.641465467975682e+07]
1.674168994784427e+07 -1.411060007642655e+06 2.038280425320088e+07 [2.641465468029484e+07]
1.674167388964151e+07 -1.411009624899558e+06 2.038282093133942e+07 [2.641465468083412e+07]
1.674165783147652e+07 -1.410959242100351e+06 2.038283760930164e+07 [2.641465468137467e+07]
1.674132061873601e+07 -1.409901190373452e+06 2.038318780577484e+07 [2.641465469301880e+07]
1.674130456140196e+07 -1.409850806341579e+06 2.038320447985766e+07 [2.641465469358722e+07]
1.674128850410562e+07 -1.409800422253511e+06 2.038322115376419e+07 [2.641465469415690e+07]
1.674127244684705e+07 -1.409750038109415e+06 2.038323782749439e+07 [2.641465469472785e+07]
1.674125638962625e+07 -1.409699653909349e+06 2.038325450104825e+07 [2.641465469530006e+07]
1.674124033244327e+07 -1.409649269653343e+06 2.038327117442572e+07 [2.641465469587354e+07]
1.674122427529802e+07 -1.409598885341152e+06 2.038328784762692e+07 [2.641465469644830e+07]
1.674120821819055e+07 -1.409548500972929e+06 2.038330452065177e+07 [2.641465469702432e+07]
1.674093525314300e+07 -1.408691958142200e+06 2.038358793509438e+07 [2.641465470701038e+07]
1.674091919671546e+07 -1.408641572765506e+06 2.038360460494515e+07 [2.641465470760920e+07]
1.674083891514452e+07 -1.408389645042097e+06 2.038368795155384e+07 [2.641465471062229e+07]
1.674082285894364e+07 -1.408339259329341e+06 2.038370462034658e+07 [2.641465471122870e+07]
1.674080680278055e+07 -1.408288873560502e+06 2.038372128896297e+07 [2.641465471183638e+07]
1.674079074665528e+07 -1.408238487735800e+06 2.038373795740298e+07 [2.641465471244533e+07]
1.674077469056774e+07 -1.408188101854985e+06 2.038375462566670e+07 [2.641465471305555e+07]
1.674075863451798e+07 -1.408137715918087e+06 2.038377129375408e+07 [2.641465471366703e+07]
1.674074257850605e+07 -1.408087329925341e+06 2.038378796166506e+07 [2.641465471427978e+07]
1.674072652253186e+07 -1.408036943876415e+06 2.038380462939975e+07 [2.641465471489380e+07]
1.674045357675132e+07 -1.407180372475512e+06 2.038408795390907e+07 [2.641465472552589e+07]
1.674043752145725e+07 -1.407129985418500e+06 2.038410461846955e+07 [2.641465472616269e+07]
1.674035724555351e+07 -1.406878049292845e+06 2.038418793862704e+07 [2.641465472936578e+07]
1.674034119048616e+07 -1.406827661899791e+06 2.038420460212947e+07 [2.641465473001020e+07]
1.674032513545655e+07 -1.406777274450577e+06 2.038422126545560e+07 [2.641465473065588e+07]
1.674030908046473e+07 -1.406726886945351e+06 2.038423792860538e+07 [2.641465473130283e+07]
1.674029302551074e+07 -1.406676499384283e+06 2.038425459157877e+07 [2.641465473195105e+07]
1.674027697059449e+07 -1.406626111767113e+06 2.038427125437587e+07 [2.641465473260054e+07]
1.674026091571602e+07 -1.406575724093878e+06 2.038428791699662e+07 [2.641465473325128e+07]
1.674024486087540e+07 -1.406525336364795e+06 2.038430457944098e+07 [2.641465473390330e+07]
1.673997193436601e+07 -1.405668736400598e+06 2.038458781401473e+07 [2.641465474518139e+07]
1.673995588020557e+07 -1.405618347663353e+06 2.038460447328490e+07 [2.641465474585621e+07]
