-8.083616049791192e+02 2.510868768546419e+03 8.595983925176887e+02 [2.774314303334289e+03]
-8.083597562121527e+02 2.510871634439862e+03 8.595895972639626e+02 [2.774313633283464e+03]
-8.083579074315501e+02 2.510874500311542e+03 8.595808020027754e+02 [2.774312963238572e+03]
-8.083560586373147e+02 2.510877366161452e+03 8.595720067341528e+02 [2.774312293199614e+03]
-8.083542098294512e+02 2.510880231989588e+03 8.595632114581213e+02 [2.774311623166598e+03]
-8.083523610079424e+02 2.510883097795962e+03 8.595544161746290e+02 [2.774310953139513e+03]
-8.083505121728103e+02 2.510885963580565e+03 8.595456208837014e+02 [2.774310283118363e+03]
-8.083486633240495e+02 2.510888829343391e+03 8.595368255853648e+02 [2.774309613103153e+03]
-8.083468144616438e+02 2.510891695084454e+03 8.595280302795684e+02 [2.774308943093873e+03]
-8.083449655856151e+02 2.510894560803748e+03 8.595192349663364e+02 [2.774308273090533e+03]
-8.083061360401161e+02 2.510954735879915e+03 8.593345316713672e+02 [2.774294204391583e+03]
-8.083042868641919e+02 2.510957601120260e+03 8.593257361945922e+02 [2.774293534518836e+03]
-8.083024376746498e+02 2.510960466338822e+03 8.593169407104084e+02 [2.774292864652027e+03]
-8.083005884714729e+02 2.510963331535620e+03 8.593081452187671e+02 [2.774292194791152e+03]
-8.082987392546581e+02 2.510966196710651e+03 8.592993497196924e+02 [2.774291524936215e+03]
-8.082968900242251e+02 2.510969061863897e+03 8.592905542132105e+02 [2.774290855087213e+03]
-8.082950407801586e+02 2.510971926995382e+03 8.592817586992711e+02 [2.774290185244149e+03]
-8.082931915224617e+02 2.510974792105094e+03 8.592729631778981e+02 [2.774289515407019e+03]
-8.082913422511300e+02 2.510977657193031e+03 8.592641676491195e+02 [2.774288845575829e+03]
-8.082894929661740e+02 2.510980522259201e+03 8.592553721128822e+02 [2.774288175750575e+03]
-8.082506548337087e+02 2.511040683619369e+03 8.590706641353327e+02 [2.774274110791626e+03]
-8.082488052489059e+02 2.511043548206551e+03 8.590618684356029e+02 [2.774273441096984e+03]
-8.082469556504834e+02 2.511046412771957e+03 8.590530727284416e+02 [2.774272771408278e+03]
-8.082451060384367e+02 2.511049277315582e+03 8.590442770138757e+02 [2.774272101725511e+03]
-8.082432564127587e+02 2.511052141837443e+03 8.590354812918541e+02 [2.774271432048680e+03]
-8.082414067734433e+02 2.511055006337530e+03 8.590266855624016e+02 [2.774270762377785e+03]
-8.082395571205134e+02 2.511057870815837e+03 8.590178898255448e+02 [2.774270092712831e+03]
-8.082377074539515e+02 2.511060735272376e+03 8.590090940812315e+02 [2.774269423053811e+03]
-8.082358577737532e+02 2.511063599707146e+03 8.590002983294883e+02 [2.774268753400729e+03]
-8.082340080799360e+02 2.511066464120140e+03 8.589915025703148e+02 [2.774268083753585e+03]
-8.081951613619144e+02 2.511126611763203e+03 8.588067899116479e+02 [2.774254022535158e+03]
-8.081933113683041e+02 2.511129475697164e+03 8.587979939890578e+02 [2.774253353018647e+03]
-8.081914613610726e+02 2.511132339609352e+03 8.587891980590143e+02 [2.774252683508070e+03]
-8.081896113402150e+02 2.511135203499767e+03 8.587804021215425e+02 [2.774252014003433e+03]
-8.081877613057241e+02 2.511138067368410e+03 8.587716061766432e+02 [2.774251344504734e+03]
-8.081859112576180e+02 2.511140931215266e+03 8.587628102243402e+02 [2.774250675011973e+03]
-8.081840611958842e+02 2.511143795040356e+03 8.587540142645845e+02 [2.774250005525150e+03]
-8.081822111205247e+02 2.511146658843672e+03 8.587452182974001e+02 [2.774249336044265e+03]
-8.081803610315428e+02 2.511149522625203e+03 8.587364223228151e+02 [2.774248666569320e+03]
-8.081785109289233e+02 2.511152386384971e+03 8.587276263407756e+02 [2.774247997100311e+03]
-8.081396556267548e+02 2.511212520309823e+03 8.585429090024505e+02 [2.774233939622924e+03]
-8.081378052243963e+02 2.511215383590523e+03 8.585341128570192e+02 [2.774233270284565e+03]
-8.081359548084224e+02 2.511218246849443e+03 8.585253167041633e+02 [2.774232600952143e+03]
-8.081341043788291e+02 2.511221110086580e+03 8.585165205439064e+02 [2.774231931625663e+03]
-8.081322539355997e+02 2.511223973301949e+03 8.585077243761975e+02 [2.774231262305119e+03]
-8.081304034787555e+02 2.511226836495539e+03 8.584989282010636e+02 [2.774230592990515e+03]
-8.081285530082921e+02 2.511229699667345e+03 8.584901320185299e+02 [2.774229923681852e+03]
-8.081267025242014e+02 2.511232562817382e+03 8.584813358285444e+02 [2.774229254379125e+03]
-8.081248520264787e+02 2.511235425945644e+03 8.584725396311333e+02 [2.774228585082337e+03]
-8.081230015151452e+02 2.511238289052119e+03 8.584637434263226e+02 [2.774227915791491e+03]
-8.080841376302352e+02 2.511298409257664e+03 8.582790214097763e+02 [2.774213862055663e+03]
-8.080822868192024e+02 2.511301271885036e+03 8.582702250416262e+02 [2.774213192895484e+03]
-8.080804359945539e+02 2.511304134490635e+03 8.582614286660261e+02 [2.774212523741242e+03]
-8.080785851562844e+02 2.511306997074455e+03 8.582526322830024e+02 [2.774211854592940e+03]
-8.080767343043971e+02 2.511309859636488e+03 8.582438358925810e+02 [2.774211185450579e+03]
-8.080748834388758e+02 2.511312722176754e+03 8.582350394947103e+02 [2.774210516314156e+03]
-8.080730325597422e+02 2.511315584695239e+03 8.582262430894173e+02 [2.774209847183673e+03]
-8.080711816669917e+02 2.511318447191937e+03 8.582174466767256e+02 [2.774209178059132e+03]
-8.080693307606070e+02 2.511321309666868e+03 8.582086502565851e+02 [2.774208508940530e+03]
-8.080674798406110e+02 2.511324172120017e+03 8.581998538290214e+02 [2.774207839827866e+03]
-8.080286073743762e+02 2.511384278605132e+03 8.580151271357662e+02 [2.774193789834120e+03]
-8.080267561547305e+02 2.511387140579138e+03 8.580063305449137e+02 [2.774193120852141e+03]
-8.080249049214779e+02 2.511390002531355e+03 8.579975339466658e+02 [2.774192451876106e+03]
-8.080230536746028e+02 2.511392864461798e+03 8.579887373409707e+02 [2.774191782906008e+03]
-8.080212024141081e+02 2.511395726370461e+03 8.579799407278545e+02 [2.774191113941851e+03]
-8.080193511399893e+02 2.511398588257341e+03 8.579711441073429e+02 [2.774190444983638e+03]
-8.080174998522571e+02 2.511401450122443e+03 8.579623474793843e+02 [2.774189776031362e+03]
-8.080156485509060e+02 2.511404311965766e+03 8.579535508440046e+02 [2.774189107085027e+03]
-8.080137972359398e+02 2.511407173787301e+03 8.579447542012300e+02 [2.774188438144635e+03]
-8.080119459073424e+02 2.511410035587065e+03 8.579359575510099e+02 [2.774187769210181e+03]
-8.079730648611893e+02 2.511470128350653e+03 8.577512261824816e+02 [2.774173722959033e+03]
-8.079712132330005e+02 2.511472989671235e+03 8.577424293690224e+02 [2.774173054155283e+03]
-8.079693615912036e+02 2.511475850970031e+03 8.577336325481447e+02 [2.774172385357474e+03]
-8.079675099357933e+02 2.511478712247038e+03 8.577248357198730e+02 [2.774171716565608e+03]
-8.079656582667624e+02 2.511481573502271e+03 8.577160388841573e+02 [2.774171047779681e+03]
-8.079638065841064e+02 2.511484434735725e+03 8.577072420410224e+02 [2.774170378999696e+03]
-8.079619548878463e+02 2.511487295947387e+03 8.576984451904955e+02 [2.774169710225656e+03]
-8.079601031779657e+02 2.511490157137273e+03 8.576896483325232e+02 [2.774169041457554e+03]
-8.079582514544597e+02 2.511493018305382e+03 8.576808514671328e+02 [2.774168372695394e+03]
-8.079563997173459e+02 2.511495879451704e+03 8.576720545943240e+02 [2.774167703939175e+03]
-8.079175100926841e+02 2.511555958492659e+03 8.574873185519839e+02 [2.774153661431142e+03]
-8.079156580560234e+02 2.511558819159754e+03 8.574785215160133e+02 [2.774152992805647e+03]
-8.079138060057530e+02 2.511561679805071e+03 8.574697244726008e+02 [2.774152324186091e+03]
-8.079119539418676e+02 2.511564540428605e+03 8.574609274217715e+02 [2.774151655572478e+03]
-8.079101018643593e+02 2.511567401030358e+03 8.574521303635261e+02 [2.774150986964808e+03]
-8.079082497732480e+02 2.511570261610315e+03 8.574433332978898e+02 [2.774150318363080e+03]
-8.079063976685200e+02 2.511573122168498e+03 8.574345362248107e+02 [2.774149649767294e+03]
-8.079045455501769e+02 2.511575982704896e+03 8.574257391443165e+02 [2.774148981177449e+03]
-8.079026934182236e+02 2.511578843219503e+03 8.574169420564301e+02 [2.774148312593549e+03]
-8.079008412726434e+02 2.511581703712338e+03 8.574081449611028e+02 [2.774147644015591e+03]
-8.078619430708826e+02 2.511641769029555e+03 8.572234042464132e+02 [2.774133605251194e+03]
-8.078600906258098e+02 2.511644629043128e+03 8.572146069879501e+02 [2.774132936803973e+03]
-8.078582381671329e+02 2.511647489034913e+03 8.572058097220724e+02 [2.774132268362696e+03]
-8.078563856948467e+02 2.511650349004903e+03 8.571970124488058e+02 [2.774131599927362e+03]
-8.078545332089451e+02 2.511653208953118e+03 8.571882151681008e+02 [2.774130931497974e+03]
-8.078526807094225e+02 2.511656068879549e+03 8.571794178799800e+02 [2.774130263074525e+03]
-8.078508281963002e+02 2.511658928784186e+03 8.571706205844715e+02 [2.774129594657023e+03]
-8.078489756695620e+02 2.511661788667042e+03 8.571618232815227e+02 [2.774128926245460e+03]
-8.078471231292033e+02 2.511664648528116e+03 8.571530259711604e+02 [2.774128257839841e+03]
-8.078452705752445e+02 2.511667508367394e+03 8.571442286534100e+02 [2.774127589440167e+03]
-8.078063637977920e+02 2.511727559959777e+03 8.569594832678064e+02 [2.774113554419921e+03]
-8.078045109443810e+02 2.511730419319760e+03 8.569506857869715e+02 [2.774112886151006e+03]
-8.078026580773651e+02 2.511733278657959e+03 8.569418882986988e+02 [2.774112217888032e+03]
-8.078008051967387e+02 2.511736137974372e+03 8.569330908030129e+02 [2.774111549631001e+03]
-8.077989523025060e+02 2.511738997268989e+03 8.569242932999420e+02 [2.774110881379916e+03]
-8.077970993946504e+02 2.511741856541829e+03 8.569154957894330e+02 [2.774110213134773e+03]
-8.077952464731944e+02 2.511744715792880e+03 8.569066982715123e+02 [2.774109544895574e+03]
-8.077933935381318e+02 2.511747575022137e+03 8.568979007462066e+02 [2.774108876662323e+03]
-8.077618915597461e+02 2.511796178586082e+03 8.567483416817768e+02 [2.774097517606455e+03]
-8.077600383797152e+02 2.511799037423164e+03 8.567395440230481e+02 [2.774096849480197e+03]
-8.077507722754349e+02 2.511813331281734e+03 8.566955556183024e+02 [2.774093508938074e+03]
-8.077489190137458e+02 2.511816189988088e+03 8.566867579151128e+02 [2.774092840847482e+03]
-8.077470657384613e+02 2.511819048672643e+03 8.566779602045406e+02 [2.774092172762838e+03]
-8.077452124495651e+02 2.511821907335416e+03 8.566691624865313e+02 [2.774091504684136e+03]
-8.077433591470613e+02 2.511824765976400e+03 8.566603647611136e+02 [2.774090836611379e+03]
-8.077415058309441e+02 2.511827624595590e+03 8.566515670283110e+02 [2.774090168544567e+03]
-8.077396525012246e+02 2.511830483192997e+03 8.566427692880741e+02 [2.774089500483700e+03]
-8.077377991578975e+02 2.511833341768614e+03 8.566339715404280e+02 [2.774088832428777e+03]
-8.077359458009668e+02 2.511836200322434e+03 8.566251737853979e+02 [2.774088164379800e+03]
-8.077340924304152e+02 2.511839058854475e+03 8.566163760229329e+02 [2.774087496336766e+03]
-8.076951685058216e+02 2.511899082993855e+03 8.564316212999637e+02 [2.774073468806388e+03]
-8.076933148359249e+02 2.511901941046519e+03 8.564228233745159e+02 [2.774072800894146e+03]
-8.076914611524317e+02 2.511904799077391e+03 8.564140254416614e+02 [2.774072132987851e+03]
-8.076896074553373e+02 2.511907657086466e+03 8.564052275014243e+02 [2.774071465087506e+03]
-8.076877537446323e+02 2.511910515073756e+03 8.563964295537543e+02 [2.774070797193101e+03]
-8.076859000203137e+02 2.511913373039260e+03 8.563876315986771e+02 [2.774070129304645e+03]
-8.076840462824021e+02 2.511916230982961e+03 8.563788336362194e+02 [2.774069461422134e+03]
-8.076821925308810e+02 2.511919088904879e+03 8.563700356663288e+02 [2.774068793545567e+03]
-8.076803387657553e+02 2.511921946805006e+03 8.563612376890305e+02 [2.774068125674945e+03]
-8.076784849870151e+02 2.511924804683347e+03 8.563524397043261e+02 [2.774067457810271e+03]
-8.076395524909642e+02 2.511984815094570e+03 8.561676803148526e+02 [2.774053434025599e+03]
-8.076376984129315e+02 2.511987672493487e+03 8.561588821672418e+02 [2.774052766291738e+03]
-8.076358443213005e+02 2.511990529870615e+03 8.561500840121998e+02 [2.774052098563820e+03]
-8.076339902160663e+02 2.511993387225953e+03 8.561412858497542e+02 [2.774051430841849e+03]
-8.076321360972190e+02 2.511996244559498e+03 8.561324876799019e+02 [2.774050763125822e+03]
-8.076302819647824e+02 2.511999101871244e+03 8.561236895026711e+02 [2.774050095415747e+03]
-8.076284278187381e+02 2.512001959161203e+03 8.561148913180100e+02 [2.774049427711614e+03]
-8.076265736590906e+02 2.512004816429370e+03 8.561060931259434e+02 [2.774048760013428e+03]
-8.075950508638571e+02 2.512053386653859e+03 8.559565227281300e+02 [2.774037410054117e+03]
-8.075931964593658e+02 2.512056243529751e+03 8.559477244027927e+02 [2.774036742462972e+03]
-8.075839242328856e+02 2.512070527582287e+03 8.559037326651095e+02 [2.774033404596456e+03]
-8.075820697467761e+02 2.512073384327417e+03 8.558949342953538e+02 [2.774032737040991e+03]
-8.075802152470748e+02 2.512076241050752e+03 8.558861359181949e+02 [2.774032069491477e+03]
-8.075783607337758e+02 2.512079097752284e+03 8.558773375336590e+02 [2.774031401947910e+03]
-8.075765062068720e+02 2.512081954432029e+03 8.558685391416957e+02 [2.774030734410288e+03]
-8.075746516663582e+02 2.512084811089983e+03 8.558597407423283e+02 [2.774030066878613e+03]
-8.075727971122560e+02 2.512087667726132e+03 8.558509423355855e+02 [2.774029399352887e+03]
-8.075709425445496e+02 2.512090524340496e+03 8.558421439214136e+02 [2.774028731833108e+03]
-8.075690879632327e+02 2.512093380933066e+03 8.558333454998400e+02 [2.774028064319274e+03]
-8.075672333683283e+02 2.512096237503834e+03 8.558245470708899e+02 [2.774027396811392e+03]
-8.075282837335932e+02 2.512156220455443e+03 8.556397783527691e+02 [2.774013380519689e+03]
-8.075264288394819e+02 2.512159076546720e+03 8.556309797609902e+02 [2.774012713142654e+03]
-8.075245739317772e+02 2.512161932616206e+03 8.556221811617842e+02 [2.774012045771564e+03]
-8.075227190104740e+02 2.512164788663897e+03 8.556133825551775e+02 [2.774011378406423e+03]
-8.075208640755750e+02 2.512167644689784e+03 8.556045839411963e+02 [2.774010711047231e+03]
-8.075190091270642e+02 2.512170500693885e+03 8.555957853197898e+02 [2.774010043693986e+03]
-8.075171541649638e+02 2.512173356676188e+03 8.555869866909827e+02 [2.774009376346688e+03]
-8.075152991892691e+02 2.512176212636686e+03 8.555781880548008e+02 [2.774008709005340e+03]
-8.075134441999718e+02 2.512179068575398e+03 8.555693894111940e+02 [2.774008041669940e+03]
-8.075115891970670e+02 2.512181924492314e+03 8.555605907601865e+02 [2.774007374340487e+03]
-8.074726309951110e+02 2.512241893712449e+03 8.553758173799745e+02 [2.773993361796047e+03]
-8.074707756930577e+02 2.512244749149834e+03 8.553670185661886e+02 [2.773992694597459e+03]
-8.074689203774205e+02 2.512247604565413e+03 8.553582197450302e+02 [2.773992027404823e+03]
-8.074670650481830e+02 2.512250459959202e+03 8.553494209164487e+02 [2.773991360218134e+03]
-8.074652097053488e+02 2.512253315331192e+03 8.553406220804685e+02 [2.773990693037393e+03]
-8.074633543489128e+02 2.512256170681380e+03 8.553318232371167e+02 [2.773990025862602e+03]
-8.074614989788854e+02 2.512259026009775e+03 8.553230243863413e+02 [2.773989358693758e+03]
-8.074596435952618e+02 2.512261881316374e+03 8.553142255281679e+02 [2.773988691530865e+03]
-8.074577881980454e+02 2.512264736601165e+03 8.553054266626224e+02 [2.773988024373921e+03]
-8.074559327872196e+02 2.512267591864169e+03 8.552966277896541e+02 [2.773987357222924e+03]
-8.074169660194516e+02 2.512327547351736e+03 8.551118497487849e+02 [2.773973348426267e+03]
-8.074151103095271e+02 2.512330402135171e+03 8.551030507130901e+02 [2.773972681406154e+03]
-8.074132545860172e+02 2.512333256896804e+03 8.550942516699973e+02 [2.773972014391991e+03]
-8.074113988489169e+02 2.512336111636629e+03 8.550854526195349e+02 [2.773971347383779e+03]
-8.074095430982179e+02 2.512338966354664e+03 8.550766535616521e+02 [2.773970680381516e+03]
-8.074076873339160e+02 2.512341821050902e+03 8.550678544963735e+02 [2.773970013385202e+03]
-8.074058315560319e+02 2.512344675725329e+03 8.550590554237241e+02 [2.773969346394838e+03]
-8.074039757645503e+02 2.512347530377964e+03 8.550502563436544e+02 [2.773968679410423e+03]
-8.074021199594752e+02 2.512350385008801e+03 8.550414572561888e+02 [2.773968012431959e+03]
-8.074002641407960e+02 2.512353239617840e+03 8.550326581613291e+02 [2.773967345459443e+03]
-8.073612888086269e+02 2.512413181371734e+03 8.548478754612660e+02 [2.773953340411083e+03]
-8.073594326909110e+02 2.512416035501155e+03 8.548390762037553e+02 [2.773952673569472e+03]
-8.073575765595901e+02 2.512418889608785e+03 8.548302769388240e+02 [2.773952006733809e+03]
-8.073557204146865e+02 2.512421743694612e+03 8.548214776665006e+02 [2.773951339904096e+03]
-8.073538642561905e+02 2.512424597758638e+03 8.548126783867832e+02 [2.773950673080335e+03]
-8.073520080840968e+02 2.512427451800857e+03 8.548038790996986e+02 [2.773950006262525e+03]
-8.073501518984169e+02 2.512430305821279e+03 8.547950798051946e+02 [2.773949339450663e+03]
-8.073482956991454e+02 2.512433159819901e+03 8.547862805032976e+02 [2.773948672644754e+03]
-8.073167382320032e+02 2.512481674460776e+03 8.546366912401347e+02 [2.773937337854745e+03]
-8.073148817880893e+02 2.512484528066964e+03 8.546278918051758e+02 [2.773936671155950e+03]
-8.073055993646607e+02 2.512498795770854e+03 8.545838945195561e+02 [2.773933337751241e+03]
-8.073037428391957e+02 2.512501649246229e+03 8.545750950402477e+02 [2.773932671088151e+03]
-8.073018863001498e+02 2.512504502699799e+03 8.545662955535483e+02 [2.773932004431013e+03]
-8.073000297475171e+02 2.512507356131558e+03 8.545574960594835e+02 [2.773931337779828e+03]
-8.072981731812908e+02 2.512510209541522e+03 8.545486965580021e+02 [2.773930671134593e+03]
-8.072963166014665e+02 2.512513062929686e+03 8.545398970491298e+02 [2.773930004495309e+03]
-8.072944600080639e+02 2.512515916296035e+03 8.545310975328920e+02 [2.773929337861977e+03]
-8.072926034010686e+02 2.512518769640591e+03 8.545222980092377e+02 [2.773928671234597e+03]
-8.072610390029696e+02 2.512567273162073e+03 8.543727049765305e+02 [2.773917339479705e+03]
-8.072591821513770e+02 2.512570126114156e+03 8.543639053198802e+02 [2.773916672959455e+03]
-8.072498976895627e+02 2.512584390547534e+03 8.543199069256923e+02 [2.773913340447473e+03]
-8.072480407564410e+02 2.512587243368792e+03 8.543111072247078e+02 [2.773912673962936e+03]
-8.072461838097188e+02 2.512590096168254e+03 8.543023075163094e+02 [2.773912007484347e+03]
-8.072443268494176e+02 2.512592948945909e+03 8.542935078005219e+02 [2.773911341011712e+03]
-8.072424698755324e+02 2.512595801701752e+03 8.542847080773716e+02 [2.773910674545029e+03]
-8.072406128880469e+02 2.512598654435799e+03 8.542759083468063e+02 [2.773910008084296e+03]
-8.072387558869831e+02 2.512601507148040e+03 8.542671086088529e+02 [2.773909341629516e+03]
-8.072368988723346e+02 2.512604359838468e+03 8.542583088635374e+02 [2.773908675180690e+03]
-8.072350418440963e+02 2.512607212507099e+03 8.542495091108067e+02 [2.773908008737814e+03]
-8.072331848022609e+02 2.512610065153928e+03 8.542407093506887e+02 [2.773907342300891e+03]
-8.071941837853572e+02 2.512669965700189e+03 8.540559126818148e+02 [2.773893348500526e+03]
-8.071923264446208e+02 2.512672817867294e+03 8.540471127591734e+02 [2.773892682194560e+03]
-8.071904690903104e+02 2.512675670012582e+03 8.540383128291703e+02 [2.773892015894547e+03]
-8.071886117224116e+02 2.512678522136072e+03 8.540295128917548e+02 [2.773891349600484e+03]
-8.071867543409276e+02 2.512681374237756e+03 8.540207129469544e+02 [2.773890683312376e+03]
-8.071848969458608e+02 2.512684226317626e+03 8.540119129947921e+02 [2.773890017030223e+03]
-8.071830395371974e+02 2.512687078375700e+03 8.540031130352182e+02 [2.773889350754021e+03]
-8.071811821149570e+02 2.512689930411965e+03 8.539943130682591e+02 [2.773888684483773e+03]
-8.071793246791350e+02 2.512692782426412e+03 8.539855130939380e+02 [2.773888018219475e+03]
-8.071774672297151e+02 2.512695634419066e+03 8.539767131122065e+02 [2.773887351961132e+03]
-8.071384576540579e+02 2.512755521227246e+03 8.537919117899868e+02 [2.773873361911135e+03]
-8.071365999057859e+02 2.512758372740137e+03 8.537831116457820e+02 [2.773872695783765e+03]
-8.071347421439393e+02 2.512761224231218e+03 8.537743114941943e+02 [2.773872029662348e+03]
-8.071328843685136e+02 2.512764075700484e+03 8.537655113352471e+02 [2.773871363546889e+03]
-8.071310265795007e+02 2.512766927147948e+03 8.537567111688901e+02 [2.773870697437380e+03]
-8.071291687768960e+02 2.512769778573609e+03 8.537479109951497e+02 [2.773870031333828e+03]
-8.071273109607205e+02 2.512772629977448e+03 8.537391108140508e+02 [2.773869365236227e+03]
-8.071254531309587e+02 2.512775481359488e+03 8.537303106255422e+02 [2.773868699144581e+03]
-8.071235952876134e+02 2.512778332719719e+03 8.537215104296500e+02 [2.773868033058887e+03]
-8.071217374306769e+02 2.512781184058145e+03 8.537127102263742e+02 [2.773867366979148e+03]
-8.070827192976772e+02 2.512841057127140e+03 8.535279042522707e+02 [2.773853380680033e+03]
-8.070808611419501e+02 2.512843907985755e+03 8.535191038865988e+02 [2.773852714731288e+03]
-8.070790029726290e+02 2.512846758822570e+03 8.535103035135198e+02 [2.773852048788495e+03]
-8.070771447897365e+02 2.512849609637576e+03 8.535015031330591e+02 [2.773851382851659e+03]
-8.070752865932623e+02 2.512852460430768e+03 8.534927027452173e+02 [2.773850716920775e+03]
-8.070734283832022e+02 2.512855311202146e+03 8.534839023500190e+02 [2.773850050995848e+03]
-8.070715701595668e+02 2.512858161951721e+03 8.534751019474127e+02 [2.773849385076875e+03]
-8.070697119223507e+02 2.512861012679484e+03 8.534663015374257e+02 [2.773848719163855e+03]
-8.070381198118714e+02 2.512909471714432e+03 8.533166934385013e+02 [2.773837399553622e+03]
-8.070362613302141e+02 2.512912322049604e+03 8.533078928956609e+02 [2.773836733747791e+03]
-8.070269687182411e+02 2.512926573398284e+03 8.532638900708076e+02 [2.773833404807967e+03]
-8.070251101551097e+02 2.512929423602588e+03 8.532550894836870e+02 [2.773832739037867e+03]
-8.070232515783905e+02 2.512932273785084e+03 8.532462888891880e+02 [2.773832073273724e+03]
-8.070213929881049e+02 2.512935123945756e+03 8.532374882873336e+02 [2.773831407515535e+03]
-8.070195343842372e+02 2.512937974084626e+03 8.532286876780751e+02 [2.773830741763301e+03]
-8.070176757667821e+02 2.512940824201687e+03 8.532198870614367e+02 [2.773830076017023e+03]
-8.070158171357605e+02 2.512943674296925e+03 8.532110864374454e+02 [2.773829410276701e+03]
-8.070139584911575e+02 2.512946524370359e+03 8.532022858060492e+02 [2.773828744542335e+03]
-8.069823594554368e+02 2.512994972281455e+03 8.530526739434976e+02 [2.773817427969312e+03]
-8.069805005664367e+02 2.512997821962259e+03 8.530438731793155e+02 [2.773816762342149e+03]
-8.069712059177600e+02 2.513012070039117e+03 8.529998692476339e+02 [2.773813434295669e+03]
-8.069693469472986e+02 2.513014919589042e+03 8.529910684391854e+02 [2.773812768704242e+03]
-8.069674879632486e+02 2.513017769117165e+03 8.529822676233346e+02 [2.773812103118770e+03]
-8.069656289656307e+02 2.513020618623472e+03 8.529734668001067e+02 [2.773811437539255e+03]
-8.069637699544398e+02 2.513023468107956e+03 8.529646659695269e+02 [2.773810771965696e+03]
-8.069619109296605e+02 2.513026317570640e+03 8.529558651315449e+02 [2.773810106398094e+03]
-8.069600518913131e+02 2.513029167011506e+03 8.529470642861860e+02 [2.773809440836446e+03]
-8.069581928393936e+02 2.513032016430550e+03 8.529382634334753e+02 [2.773808775280756e+03]
-8.069563337738941e+02 2.513034865827790e+03 8.529294625733619e+02 [2.773808109731022e+03]
-8.069544746948100e+02 2.513037715203220e+03 8.529206617058735e+02 [2.773807444187245e+03]
-8.069154308982584e+02 2.513097547048052e+03 8.527358417848905e+02 [2.773793469143880e+03]
-8.069135715205188e+02 2.513100395943564e+03 8.527270407551318e+02 [2.773792803731148e+03]
-8.069117121292174e+02 2.513103244817251e+03 8.527182397180254e+02 [2.773792138324375e+03]
-8.069098527243378e+02 2.513106093669131e+03 8.527094386735181e+02 [2.773791472923557e+03]
-8.069079933058842e+02 2.513108942499196e+03 8.527006376216360e+02 [2.773790807528696e+03]
-8.069061338738599e+02 2.513111791307436e+03 8.526918365624055e+02 [2.773790142139794e+03]
-8.069042744282492e+02 2.513114640093873e+03 8.526830354957732e+02 [2.773789476756846e+03]
-8.069024149690738e+02 2.513117488858492e+03 8.526742344217677e+02 [2.773788811379858e+03]
-8.069005554963277e+02 2.513120337601288e+03 8.526654333404127e+02 [2.773788146008827e+03]
-8.068986960099946e+02 2.513123186322279e+03 8.526566322516575e+02 [2.773787480643752e+03]
-8.068596436617518e+02 2.513183004423522e+03 8.524718076846394e+02 [2.773773509353337e+03]
-8.068577838768222e+02 2.513185852664555e+03 8.524630064336676e+02 [2.773772844119325e+03]
-8.068559240783115e+02 2.513188700883775e+03 8.524542051753236e+02 [2.773772178891272e+03]
-8.068540642662413e+02 2.513191549081167e+03 8.524454039096328e+02 [2.773771513669178e+03]
-8.068522044405959e+02 2.513194397256751e+03 8.524366026365429e+02 [2.773770848453042e+03]
-8.068503446013692e+02 2.513197245410521e+03 8.524278013560812e+02 [2.773770183242862e+03]
-8.068484847485835e+02 2.513200093542463e+03 8.524190000682722e+02 [2.773769518038642e+03]
-8.068466248822219e+02 2.513202941652595e+03 8.524101987730667e+02 [2.773768852840378e+03]
-8.068447650022895e+02 2.513205789740909e+03 8.524013974704880e+02 [2.773768187648071e+03]
-8.068429051087762e+02 2.513208637807412e+03 8.523925961605376e+02 [2.773767522461725e+03]
-8.068038442102538e+02 2.513268442163962e+03 8.522077669489461e+02 [2.773753554924774e+03]
-8.068019840181962e+02 2.513271289750459e+03 8.521989654768554e+02 [2.773752889869510e+03]
-8.068001238125568e+02 2.513274137315149e+03 8.521901639973687e+02 [2.773752224820203e+03]
-8.067982635933560e+02 2.513276984858018e+03 8.521813625105119e+02 [2.773751559776855e+03]
-8.067964033605856e+02 2.513279832379068e+03 8.521725610162846e+02 [2.773750894739465e+03]
-8.067945431142401e+02 2.513282679878294e+03 8.521637595147129e+02 [2.773750229708037e+03]
-8.067926828543305e+02 2.513285527355707e+03 8.521549580057459e+02 [2.773749564682564e+03]
-8.067908225808515e+02 2.513288374811300e+03 8.521461564894089e+02 [2.773748899663050e+03]
-8.067889622938064e+02 2.513291222245068e+03 8.521373549657274e+02 [2.773748234649498e+03]
-8.067871019931792e+02 2.513294069657027e+03 8.521285534346513e+02 [2.773747569641903e+03]
-8.067480325457910e+02 2.513353860267785e+03 8.519437195799492e+02 [2.773733605858934e+03]
-8.067461719466660e+02 2.513356707199710e+03 8.519349178867573e+02 [2.773732940982438e+03]
-8.067443113339641e+02 2.513359554109818e+03 8.519261161861984e+02 [2.773732276111903e+03]
-8.067424507077071e+02 2.513362400998094e+03 8.519173144782970e+02 [2.773731611247327e+03]
-8.067405900678797e+02 2.513365247864558e+03 8.519085127630024e+02 [2.773730946388711e+03]
-8.067387294144750e+02 2.513368094709203e+03 8.518997110403388e+02 [2.773730281536052e+03]
-8.067368687475168e+02 2.513370941532021e+03 8.518909093103343e+02 [2.773729616689358e+03]
-8.067350080669864e+02 2.513373788333023e+03 8.518821075729368e+02 [2.773728951848619e+03]
-8.067331473728889e+02 2.513376635112204e+03 8.518733058281711e+02 [2.773728287013839e+03]
-8.067312866652201e+02 2.513379481869560e+03 8.518645040760633e+02 [2.773727622185022e+03]
-8.066922086703746e+02 2.513439258733434e+03 8.516796655796867e+02 [2.773713662156548e+03]
-8.066903476642561e+02 2.513442105010718e+03 8.516708636655159e+02 [2.773712997458848e+03]
-8.066884866445598e+02 2.513444951266191e+03 8.516620617439538e+02 [2.773712332767109e+03]
-8.066866256113075e+02 2.513447797499840e+03 8.516532598150261e+02 [2.773711668081330e+03]
-8.066847645644926e+02 2.513450643711657e+03 8.516444578787580e+02 [2.773711003401511e+03]
-8.066829035041095e+02 2.513453489901659e+03 8.516356559350984e+02 [2.773710338727650e+03]
-8.066810424301525e+02 2.513456336069844e+03 8.516268539840753e+02 [2.773709674059752e+03]
-8.066791813426423e+02 2.513459182216195e+03 8.516180520257109e+02 [2.773709009397814e+03]
-8.066773202415642e+02 2.513462028340731e+03 8.516092500599566e+02 [2.773708344741836e+03]
-8.066754591269125e+02 2.513464874443449e+03 8.516004480868368e+02 [2.773707680091819e+03]
-8.066363725860314e+02 2.513524637559323e+03 8.514156049503008e+02 [2.773693723818360e+03]
-8.066345111729710e+02 2.513527483181932e+03 8.514068028151668e+02 [2.773693059299478e+03]
-8.066326497463597e+02 2.513530328782706e+03 8.513980006726975e+02 [2.773692394786559e+03]
-8.066307883061818e+02 2.513533174361665e+03 8.513891985228383e+02 [2.773691730279601e+03]
-8.066289268524406e+02 2.513536019918799e+03 8.513803963656165e+02 [2.773691065778601e+03]
-8.066270653851404e+02 2.513538865454102e+03 8.513715942010564e+02 [2.773690401283566e+03]
-8.066252039042654e+02 2.513541710967593e+03 8.513627920291083e+02 [2.773689736794491e+03]
-8.066233424098359e+02 2.513544556459256e+03 8.513539898497966e+02 [2.773689072311376e+03]
-8.066214809018470e+02 2.513547401929086e+03 8.513451876631486e+02 [2.773688407834223e+03]
-8.066196193802834e+02 2.513550247377103e+03 8.513363854691115e+02 [2.773687743363030e+03]
-8.065805242947769e+02 2.513609996743885e+03 8.511515376938517e+02 [2.773673790845102e+03]
-8.065786624748628e+02 2.513612841711752e+03 8.511427353378530e+02 [2.773673126505063e+03]
-8.065768006413791e+02 2.513615686657799e+03 8.511339329744940e+02 [2.773672462170988e+03]
-8.065749387943473e+02 2.513618531582009e+03 8.511251306037994e+02 [2.773671797842877e+03]
-8.065730769337507e+02 2.513621376484401e+03 8.511163282257178e+02 [2.773671133520724e+03]
-8.065712150595848e+02 2.513624221364970e+03 8.511075258402758e+02 [2.773670469204535e+03]
-8.065693531718707e+02 2.513627066223702e+03 8.510987234474986e+02 [2.773669804894308e+03]
-8.065674912705924e+02 2.513629911060617e+03 8.510899210473356e+02 [2.773669140590042e+03]
-8.065656293557531e+02 2.513632755875704e+03 8.510811186398113e+02 [2.773668476291736e+03]
-8.065637674273454e+02 2.513635600668971e+03 8.510723162249267e+02 [2.773667811999395e+03]
-8.065246637986261e+02 2.513695336285559e+03 8.508874638124059e+02 [2.773653863237510e+03]
-8.065228015719210e+02 2.513698180598630e+03 8.508786612356358e+02 [2.773653199076343e+03]
-8.065209393316443e+02 2.513701024889883e+03 8.508698586514824e+02 [2.773652534921135e+03]
-8.065190770778181e+02 2.513703869159307e+03 8.508610560599710e+02 [2.773651870771891e+03]
-8.065172148104339e+02 2.513706713406903e+03 8.508522534611001e+02 [2.773651206628610e+03]
-8.065153525294943e+02 2.513709557632663e+03 8.508434508548962e+02 [2.773650542491293e+03]
-8.065134902349837e+02 2.513712401836607e+03 8.508346482413086e+02 [2.773649878359936e+03]
-8.065116279269238e+02 2.513715246018721e+03 8.508258456203633e+02 [2.773649214234544e+03]
-8.065097656053097e+02 2.513718090179000e+03 8.508170429920843e+02 [2.773648550115116e+03]
-8.065079032701244e+02 2.513720934317460e+03 8.508082403564222e+02 [2.773647886001647e+03]
-8.064687910996064e+02 2.513780656182757e+03 8.506233833081020e+02 [2.773633940996323e+03]
-8.064669284661699e+02 2.513783499840992e+03 8.506145805105805e+02 [2.773633277014046e+03]
-8.064650658191686e+02 2.513786343477403e+03 8.506057777057026e+02 [2.773632613037734e+03]
-8.064632031586225e+02 2.513789187091972e+03 8.505969748934936e+02 [2.773631949067386e+03]
-8.064613404845170e+02 2.513792030684720e+03 8.505881720739030e+02 [2.773631285102999e+03]
-8.064594777968460e+02 2.513794874255642e+03 8.505793692469563e+02 [2.773630621144577e+03]
-8.064576150956320e+02 2.513797717804724e+03 8.505705664126793e+02 [2.773629957192119e+03]
-8.064557523808580e+02 2.513800561331984e+03 8.505617635710199e+02 [2.773629293245623e+03]
-8.064538896525282e+02 2.513803404837415e+03 8.505529607220060e+02 [2.773628629305092e+03]
-8.064520269106463e+02 2.513806248321009e+03 8.505441578656615e+02 [2.773627965370526e+03]
-8.064129061997305e+02 2.513865956433925e+03 8.503592961829803e+02 [2.773614024122275e+03]
-8.064110431596374e+02 2.513868799437258e+03 8.503504931648271e+02 [2.773613360318918e+03]
-8.064091801059776e+02 2.513871642418771e+03 8.503416901392937e+02 [2.773612696521523e+03]
-8.064073170387724e+02 2.513874485378449e+03 8.503328871064065e+02 [2.773612032730091e+03]
-8.064054539580173e+02 2.513877328316290e+03 8.503240840661915e+02 [2.773611368944628e+03]
-8.064035908637037e+02 2.513880171232306e+03 8.503152810185976e+02 [2.773610705165124e+03]
-8.064017277558281e+02 2.513883014126495e+03 8.503064779636491e+02 [2.773610041391587e+03]
-8.063998646344111e+02 2.513885856998843e+03 8.502976749013732e+02 [2.773609377624017e+03]
-8.063980014994360e+02 2.513888699849366e+03 8.502888718317172e+02 [2.773608713862407e+03]
-8.063961383508992e+02 2.513891542678062e+03 8.502800687547086e+02 [2.773608050106764e+03]
-8.063570091010262e+02 2.513951237037475e+03 8.500952024391786e+02 [2.773594112616104e+03]
-8.063551456543368e+02 2.513954079385870e+03 8.500863992004123e+02 [2.773593448991688e+03]
-8.063532821940893e+02 2.513956921712425e+03 8.500775959543196e+02 [2.773592785373236e+03]
-8.063514187202957e+02 2.513959764017152e+03 8.500687927008499e+02 [2.773592121760749e+03]
-8.063495552329503e+02 2.513962606300048e+03 8.500599894400290e+02 [2.773591458154227e+03]
-8.063476917320565e+02 2.513965448561103e+03 8.500511861718821e+02 [2.773590794553671e+03]
-8.063458282175993e+02 2.513968290800336e+03 8.500423828963582e+02 [2.773590130959080e+03]
-8.063439646895993e+02 2.513971133017733e+03 8.500335796134824e+02 [2.773589467370454e+03]
-8.063122826402639e+02 2.514019447372983e+03 8.498839226800752e+02 [2.773578187276534e+03]
-8.063104188683393e+02 2.514022289197382e+03 8.498751192648884e+02 [2.773577523795286e+03]
-8.063010998055087e+02 2.514036497991848e+03 8.498311020787634e+02 [2.773574206478545e+03]
-8.062992359522939e+02 2.514039339685242e+03 8.498222986194792e+02 [2.773573543033095e+03]
-8.062973720855193e+02 2.514042181356803e+03 8.498134951528455e+02 [2.773572879593608e+03]
-8.062955082052088e+02 2.514045023006521e+03 8.498046916788884e+02 [2.773572216160092e+03]
-8.062936443113447e+02 2.514047864634412e+03 8.497958881975565e+02 [2.773571552732539e+03]
-8.062917804039309e+02 2.514050706240467e+03 8.497870847088753e+02 [2.773570889310951e+03]
-8.062899164829621e+02 2.514053547824684e+03 8.497782812128698e+02 [2.773570225895332e+03]
-8.062880525484502e+02 2.514056389387072e+03 8.497694777094914e+02 [2.773569562485678e+03]
-8.062861886003881e+02 2.514059230927623e+03 8.497606741987626e+02 [2.773568899081987e+03]
-8.062843246387688e+02 2.514062072446345e+03 8.497518706806854e+02 [2.773568235684266e+03]
-8.062451783151969e+02 2.514121739295480e+03 8.495669951037969e+02 [2.773554305710333e+03]
-8.062433140555264e+02 2.514124580333812e+03 8.495581914240896e+02 [2.773553642443873e+03]
-8.062414497822970e+02 2.514127421350322e+03 8.495493877370113e+02 [2.773552979183381e+03]
-8.062395854955282e+02 2.514130262344991e+03 8.495405840425841e+02 [2.773552315928854e+03]
-8.062377211952122e+02 2.514133103317824e+03 8.495317803408111e+02 [2.773551652680294e+03]
-8.062358568813532e+02 2.514135944268813e+03 8.495229766317167e+02 [2.773550989437702e+03]
-8.062339925539342e+02 2.514138785197977e+03 8.495141729152499e+02 [2.773550326201077e+03]
-8.062321282129767e+02 2.514141626105302e+03 8.495053691914356e+02 [2.773549662970417e+03]
-8.062004323440608e+02 2.514189918188782e+03 8.493557047627903e+02 [2.773538388962187e+03]
-8.061985677592604e+02 2.514192758703048e+03 8.493469009067499e+02 [2.773537725838937e+03]
-8.061892446321167e+02 2.514206960946785e+03 8.493028815164208e+02 [2.773534410312204e+03]
-8.061873799660520e+02 2.514209801330021e+03 8.492940776163099e+02 [2.773533747224758e+03]
-8.061855152864337e+02 2.514212641691424e+03 8.492852737088546e+02 [2.773533084143282e+03]
-8.061836505932822e+02 2.514215482030977e+03 8.492764697940795e+02 [2.773532421067773e+03]
-8.061817858865825e+02 2.514218322348701e+03 8.492676658719342e+02 [2.773531757998231e+03]
-8.061799211663374e+02 2.514221162644587e+03 8.492588619424453e+02 [2.773531094934657e+03]
-8.061780564325425e+02 2.514224002918631e+03 8.492500580056375e+02 [2.773530431877053e+03]
-8.061761916852074e+02 2.514226843170839e+03 8.492412540614594e+02 [2.773529768825413e+03]
-8.061444889082067e+02 2.514275124117115e+03 8.490915858869448e+02 [2.773518497860653e+03]
-8.061426239170817e+02 2.514277963976223e+03 8.490827818106070e+02 [2.773517834916440e+03]
-8.061332987582828e+02 2.514292162944209e+03 8.490387613186725e+02 [2.773514520284890e+03]
-8.061314336858982e+02 2.514295002672282e+03 8.490299571982790e+02 [2.773513857376488e+03]
-8.061295685999582e+02 2.514297842378526e+03 8.490211530705167e+02 [2.773513194474051e+03]
-8.061277035004846e+02 2.514300682062928e+03 8.490123489354116e+02 [2.773512531577583e+03]
-8.061258383874715e+02 2.514303521725482e+03 8.490035447929907e+02 [2.773511868687086e+03]
-8.061239732609126e+02 2.514306361366204e+03 8.489947406432020e+02 [2.773511205802555e+03]
-8.061221081208014e+02 2.514309200985089e+03 8.489859364860711e+02 [2.773510542923992e+03]
-8.061202429671603e+02 2.514312040582126e+03 8.489771323216233e+02 [2.773509880051400e+03]
-8.060885332832404e+02 2.514360310390290e+03 8.488274604024504e+02 [2.773498612130526e+03]
-8.060866678858334e+02 2.514363149594210e+03 8.488186561058332e+02 [2.773497949365370e+03]
-8.060773406957237e+02 2.514377345286171e+03 8.487746345126941e+02 [2.773494635629134e+03]
-8.060754752170797e+02 2.514380184359043e+03 8.487658301720352e+02 [2.773493972899793e+03]
-8.060736097248897e+02 2.514383023410068e+03 8.487570258240617e+02 [2.773493310176424e+03]
-8.060717442191637e+02 2.514385862439257e+03 8.487482214687229e+02 [2.773492647459021e+03]
-8.060698786998980e+02 2.514388701446605e+03 8.487394171060434e+02 [2.773491984747589e+03]
-8.060680131670943e+02 2.514391540432102e+03 8.487306127360507e+02 [2.773491322042126e+03]
-8.060661476207392e+02 2.514394379395772e+03 8.487218083586915e+02 [2.773490659342634e+03]
-8.060642820608512e+02 2.514397218337594e+03 8.487130039739931e+02 [2.773489996649108e+03]
-8.060624164874276e+02 2.514400057257570e+03 8.487041995819808e+02 [2.773489333961555e+03]
-8.060605509004595e+02 2.514402896155709e+03 8.486953951826032e+02 [2.773488671279968e+03]
-8.060213704464572e+02 2.514462507971108e+03 8.485105011005492e+02 [2.773474756345664e+03]
-8.060195045616244e+02 2.514465346388718e+03 8.485016965397203e+02 [2.773474093795413e+03]
-8.060176386632438e+02 2.514468184784487e+03 8.484928919715535e+02 [2.773473431251130e+03]
-8.060157727513372e+02 2.514471023158404e+03 8.484840873960758e+02 [2.773472768712821e+03]
-8.060139068258893e+02 2.514473861510486e+03 8.484752828132348e+02 [2.773472106180480e+03]
-8.060120408869034e+02 2.514476699840725e+03 8.484664782230548e+02 [2.773471443654109e+03]
-8.060101749343734e+02 2.514479538149116e+03 8.484576736255635e+02 [2.773470781133710e+03]
-8.060083089683105e+02 2.514482376435667e+03 8.484488690207106e+02 [2.773470118619279e+03]
-8.059765854739628e+02 2.514530623964954e+03 8.482991896157722e+02 [2.773458856787427e+03]
-8.059747192642315e+02 2.514533461858309e+03 8.482903848788827e+02 [2.773458194380466e+03]
-8.059653880125002e+02 2.514547650997457e+03 8.482463610843014e+02 [2.773454882435215e+03]
-8.059635217215496e+02 2.514550488759746e+03 8.482375563033986e+02 [2.773454220064078e+03]
-8.059616554170494e+02 2.514553326500201e+03 8.482287515151344e+02 [2.773453557698910e+03]
-8.059597890990233e+02 2.514556164218809e+03 8.482199467195355e+02 [2.773452895339715e+03]
-8.059579227674606e+02 2.514559001915572e+03 8.482111419166008e+02 [2.773452232986489e+03]
-8.059560564223657e+02 2.514561839590483e+03 8.482023371063563e+02 [2.773451570639236e+03]
-8.059541900637219e+02 2.514564677243558e+03 8.481935322887522e+02 [2.773450908297953e+03]
-8.059523236915509e+02 2.514567514874785e+03 8.481847274638116e+02 [2.773450245962639e+03]
-8.059504573058482e+02 2.514570352484161e+03 8.481759226315618e+02 [2.773449583633299e+03]
-8.059485909066066e+02 2.514573190071700e+03 8.481671177919521e+02 [2.773448921309930e+03]
-8.059093933958832e+02 2.514632774363640e+03 8.479822144660920e+02 [2.773435013898526e+03]
-8.059075266988746e+02 2.514635611470571e+03 8.479734094651340e+02 [2.773434351706525e+03]
-8.059056599883229e+02 2.514638448555658e+03 8.479646044568424e+02 [2.773433689520496e+03]
-8.059037932642506e+02 2.514641285618888e+03 8.479557994412428e+02 [2.773433027340440e+03]
-8.059019265266402e+02 2.514644122660280e+03 8.479469944182854e+02 [2.773432365166355e+03]
-8.059000597754969e+02 2.514646959679826e+03 8.479381893879934e+02 [2.773431702998242e+03]
-8.058981930108137e+02 2.514649796677519e+03 8.479293843503958e+02 [2.773431040836102e+03]
-8.058963262326029e+02 2.514652633653371e+03 8.479205793054400e+02 [2.773430378679932e+03]
-8.058944594408580e+02 2.514655470607377e+03 8.479117742531507e+02 [2.773429716529735e+03]
-8.058925926355839e+02 2.514658307539527e+03 8.479029691935546e+02 [2.773429054385511e+03]
-8.058533865986187e+02 2.514717878068099e+03 8.477180612479606e+02 [2.773415150736324e+03]
-8.058515194956281e+02 2.514720714519604e+03 8.477092560270664e+02 [2.773414488723487e+03]
-8.058496523790922e+02 2.514723550949272e+03 8.477004507988167e+02 [2.773413826716622e+03]
-8.058477852490337e+02 2.514726387357089e+03 8.476916455632364e+02 [2.773413164715729e+03]
-8.058459181054475e+02 2.514729223743050e+03 8.476828403203499e+02 [2.773412502720811e+03]
-8.058440509483257e+02 2.514732060107170e+03 8.476740350701085e+02 [2.773411840731862e+03]
-8.058421837776641e+02 2.514734896449444e+03 8.476652298125355e+02 [2.773411178748887e+03]
-8.058403165934844e+02 2.514737732769862e+03 8.476564245476582e+02 [2.773410516771888e+03]
-8.058384493957689e+02 2.514740569068435e+03 8.476476192754251e+02 [2.773409854800857e+03]
-8.058365821845218e+02 2.514743405345163e+03 8.476388139958615e+02 [2.773409192835801e+03]
-8.057973676227389e+02 2.514802962109255e+03 8.474539014320465e+02 [2.773395292949350e+03]
-8.057955001138247e+02 2.514805797905298e+03 8.474450959912372e+02 [2.773394631115700e+03]
-8.057936325913846e+02 2.514808633679482e+03 8.474362905431244e+02 [2.773393969288023e+03]
-8.057917650554028e+02 2.514811469431829e+03 8.474274850876570e+02 [2.773393307466319e+03]
-8.057898975059006e+02 2.514814305162323e+03 8.474186796248615e+02 [2.773392645650588e+03]
-8.057880299428728e+02 2.514817140870958e+03 8.474098741547639e+02 [2.773391983840832e+03]
-8.057861623663027e+02 2.514819976557754e+03 8.474010686773114e+02 [2.773391322037048e+03]
-8.057842947762123e+02 2.514822812222695e+03 8.473922631925319e+02 [2.773390660239235e+03]
-8.057824271725979e+02 2.514825647865781e+03 8.473834577004495e+02 [2.773389998447402e+03]
-8.057805595554499e+02 2.514828483487023e+03 8.473746522010130e+02 [2.773389336661537e+03]
-8.057413364702609e+02 2.514888026485547e+03 8.471897350204171e+02 [2.773375440538337e+03]
-8.057394685554948e+02 2.514890861626067e+03 8.471809293597854e+02 [2.773374778883896e+03]
-8.057376006271928e+02 2.514893696744740e+03 8.471721236918279e+02 [2.773374117235432e+03]
-8.057357326853764e+02 2.514896531841549e+03 8.471633180165694e+02 [2.773373455592942e+03]
-8.057338647300287e+02 2.514899366916514e+03 8.471545123339600e+02 [2.773372793956424e+03]
-8.057319967611546e+02 2.514902201969629e+03 8.471457066440241e+02 [2.773372132325881e+03]
-8.057301287787479e+02 2.514905037000884e+03 8.471369009467878e+02 [2.773371470701313e+03]
-8.057282607828197e+02 2.514907872010294e+03 8.471280952422012e+02 [2.773370809082719e+03]
-8.057263927733648e+02 2.514910706997853e+03 8.471192895302880e+02 [2.773370147470099e+03]
-8.057245247503743e+02 2.514913541963561e+03 8.471104838110492e+02 [2.773369485863453e+03]
-8.056852931432038e+02 2.514973071195415e+03 8.469255620151328e+02 [2.773355593504014e+03]
-8.056834248226571e+02 2.514975905680354e+03 8.469167561347762e+02 [2.773354932028812e+03]
-8.056815564885820e+02 2.514978740143446e+03 8.469079502470693e+02 [2.773354270559581e+03]
-8.056796881409725e+02 2.514981574584688e+03 8.468991443520383e+02 [2.773353609096328e+03]
-8.056778197798481e+02 2.514984409004075e+03 8.468903384496847e+02 [2.773352947639049e+03]
-8.056759514052021e+02 2.514987243401599e+03 8.468815325400325e+02 [2.773352286187747e+03]
-8.056740830170187e+02 2.514990077777281e+03 8.468727266230305e+02 [2.773351624742419e+03]
-8.056722146153191e+02 2.514992912131103e+03 8.468639206987057e+02 [2.773350963303063e+03]
-8.056703462000996e+02 2.514995746463068e+03 8.468551147670833e+02 [2.773350301869687e+03]
-8.056684777713518e+02 2.514998580773185e+03 8.468463088281109e+02 [2.773349640442283e+03]
-8.056292376435982e+02 2.515058096237281e+03 8.466613824183389e+02 [2.773335751847121e+03]
-8.056273689173311e+02 2.515060930066600e+03 8.466525763182734e+02 [2.773335090551177e+03]
-8.056255001775353e+02 2.515063763874070e+03 8.466437702108709e+02 [2.773334429261207e+03]
-8.056236314242270e+02 2.515066597659671e+03 8.466349640961881e+02 [2.773333767977217e+03]
-8.056217626573914e+02 2.515069431423424e+03 8.466261579741592e+02 [2.773333106699200e+03]
-8.056198938770339e+02 2.515072265165322e+03 8.466173518448086e+02 [2.773332445427159e+03]
-8.056180250831485e+02 2.515075098885361e+03 8.466085457081629e+02 [2.773331784161096e+03]
-8.056161562757454e+02 2.515077932583546e+03 8.465997395641700e+02 [2.773331122901006e+03]
-8.056142874548211e+02 2.515080766259880e+03 8.465909334128560e+02 [2.773330461646894e+03]
-8.056124186203781e+02 2.515083599914349e+03 8.465821272542473e+02 [2.773329800398760e+03]
-8.055731699734619e+02 2.515143101609593e+03 8.463971962320567e+02 [2.773315915568383e+03]
-8.055713008415489e+02 2.515145934783225e+03 8.463883899124041e+02 [2.773315254451726e+03]
-8.055694316961030e+02 2.515148767935012e+03 8.463795835854090e+02 [2.773314593341044e+03]
-8.055675625371455e+02 2.515151601064937e+03 8.463707772510929e+02 [2.773313932236337e+03]
-8.055656933646710e+02 2.515154434172999e+03 8.463619709094841e+02 [2.773313271137609e+03]
-8.055638241786729e+02 2.515157267259210e+03 8.463531645605307e+02 [2.773312610044856e+03]
-8.055619549791454e+02 2.515160100323567e+03 8.463443582042585e+02 [2.773311948958079e+03]
-8.055600857661111e+02 2.515162933366058e+03 8.463355518406928e+02 [2.773311287877282e+03]
-8.055582165395526e+02 2.515165766386700e+03 8.463267454697835e+02 [2.773310626802460e+03]
-8.055563472994741e+02 2.515168599385483e+03 8.463179390915545e+02 [2.773309965733614e+03]
-8.055170901348199e+02 2.515228087310764e+03 8.461330034584590e+02 [2.773296084668542e+03]
-8.055152205973211e+02 2.515230919828673e+03 8.461241969192400e+02 [2.773295423731191e+03]
-8.055133510463083e+02 2.515233752324715e+03 8.461153903727279e+02 [2.773294762799821e+03]
-8.055114814817645e+02 2.515236584798909e+03 8.461065838188753e+02 [2.773294101874425e+03]
-8.055096119037108e+02 2.515239417251242e+03 8.460977772577054e+02 [2.773293440955007e+03]
-8.055077423121436e+02 2.515242249681709e+03 8.460889706892438e+02 [2.773292780041569e+03]
-8.055058727070457e+02 2.515245082090328e+03 8.460801641134410e+02 [2.773292119134107e+03]
-8.055040030884388e+02 2.515247914477083e+03 8.460713575303213e+02 [2.773291458232620e+03]
-8.055021334563173e+02 2.515250746841971e+03 8.460625509399105e+02 [2.773290797337113e+03]
-8.055002638106751e+02 2.515253579185011e+03 8.460537443421575e+02 [2.773290136447584e+03]
-8.054609981296956e+02 2.515313053339241e+03 8.458688040995960e+02 [2.773276259148328e+03]
-8.054591281866824e+02 2.515315885201367e+03 8.458599973409030e+02 [2.773275598390311e+03]
-8.054572582301441e+02 2.515318717041635e+03 8.458511905748960e+02 [2.773274937638273e+03]
-8.054553882601033e+02 2.515321548860033e+03 8.458423838016001e+02 [2.773274276892216e+03]
-8.054535182765413e+02 2.515324380656574e+03 8.458335770209638e+02 [2.773273616152131e+03]
-8.054516482794654e+02 2.515327212431259e+03 8.458247702330134e+02 [2.773272955418029e+03]
-8.054497782688766e+02 2.515330044184075e+03 8.458159634377744e+02 [2.773272294689905e+03]
-8.054479082447592e+02 2.515332875915039e+03 8.458071566351965e+02 [2.773271633967757e+03]
-8.054161157670885e+02 2.515381011996639e+03 8.456574398724921e+02 [2.773260402605979e+03]
-8.054142454997067e+02 2.515383843334093e+03 8.456486329382973e+02 [2.773259741991447e+03]
-8.054048939601082e+02 2.515397999693466e+03 8.456045981575303e+02 [2.773256439008470e+03]
-8.054030236116512e+02 2.515400830899747e+03 8.455957911794601e+02 [2.773255778429813e+03]
-8.054011532496770e+02 2.515403662084175e+03 8.455869841940522e+02 [2.773255117857133e+03]
-8.053992828741802e+02 2.515406493246743e+03 8.455781772013318e+02 [2.773254457290432e+03]
-8.053974124851796e+02 2.515409324387448e+03 8.455693702012995e+02 [2.773253796729712e+03]
-8.053955420826685e+02 2.515412155506281e+03 8.455605631939814e+02 [2.773253136174971e+03]
-8.053936716666307e+02 2.515414986603261e+03 8.455517561793250e+02 [2.773252475626206e+03]
-8.053918012370891e+02 2.515417817678378e+03 8.455429491573574e+02 [2.773251815083423e+03]
-8.053600018673940e+02 2.515465942610319e+03 8.453932286654159e+02 [2.773240586770936e+03]
-8.053581311946161e+02 2.515468773291906e+03 8.453844215118480e+02 [2.773239926335782e+03]
-8.053487776280892e+02 2.515482926371857e+03 8.453403856344049e+02 [2.773236624249706e+03]
-8.053469068742493e+02 2.515485756922260e+03 8.453315784369755e+02 [2.773235963850430e+03]
-8.053450361068888e+02 2.515488587450801e+03 8.453227712322364e+02 [2.773235303457133e+03]
-8.053431653260295e+02 2.515491417957467e+03 8.453139640202128e+02 [2.773234643069819e+03]
-8.053412945316550e+02 2.515494248442277e+03 8.453051568008541e+02 [2.773233982688480e+03]
-8.053394237237694e+02 2.515497078905222e+03 8.452963495741857e+02 [2.773233322313123e+03]
-8.053375529023767e+02 2.515499909346297e+03 8.452875423402331e+02 [2.773232661943748e+03]
-8.053356820674601e+02 2.515502739765519e+03 8.452787350989460e+02 [2.773232001580353e+03]
-8.053338112190413e+02 2.515505570162874e+03 8.452699278503496e+02 [2.773231341222937e+03]
-8.053319403571149e+02 2.515508400538354e+03 8.452611205944679e+02 [2.773230680871499e+03]
-8.052926491356559e+02 2.515567833372868e+03 8.450761665322591e+02 [2.773216814872766e+03]
-8.052907779765071e+02 2.515570663267323e+03 8.450673591155905e+02 [2.773216154652898e+03]
-8.052889068038456e+02 2.515573493139917e+03 8.450585516915896e+02 [2.773215494439007e+03]
-8.052870356176661e+02 2.515576322990652e+03 8.450497442602822e+02 [2.773214834231099e+03]
-8.052851644179899e+02 2.515579152819509e+03 8.450409368216926e+02 [2.773214174029173e+03]
-8.052832932048011e+02 2.515581982626508e+03 8.450321293757693e+02 [2.773213513833226e+03]
-8.052814219780946e+02 2.515584812411645e+03 8.450233219225390e+02 [2.773212853643260e+03]
-8.052795507378918e+02 2.515587642174904e+03 8.450145144620266e+02 [2.773212193459276e+03]
-8.052776794841766e+02 2.515590471916306e+03 8.450057069941823e+02 [2.773211533281272e+03]
-8.052758082169526e+02 2.515593301635843e+03 8.449968995190308e+02 [2.773210873109249e+03]
-8.052365084848389e+02 2.515652720694916e+03 8.448119408532328e+02 [2.773197010878382e+03]
-8.052346369204415e+02 2.515655549933384e+03 8.448031332173450e+02 [2.773196350837942e+03]
-8.052327653425417e+02 2.515658379149981e+03 8.447943255741784e+02 [2.773195690803489e+03]
-8.052308937511218e+02 2.515661208344718e+03 8.447855179236803e+02 [2.773195030775012e+03]
-8.052290221462040e+02 2.515664037517586e+03 8.447767102658778e+02 [2.773194370752517e+03]
-8.052271505277835e+02 2.515666866668579e+03 8.447679026007966e+02 [2.773193710736008e+03]
-8.052252788958428e+02 2.515669695797712e+03 8.447590949283824e+02 [2.773193050725474e+03]
-8.052234072504050e+02 2.515672524904979e+03 8.447502872486659e+02 [2.773192390720926e+03]
-8.051915872115103e+02 2.515720616382654e+03 8.446005555760455e+02 [2.773181171558806e+03]
-8.051897153229575e+02 2.515723445096296e+03 8.445917477648527e+02 [2.773180511661931e+03]
-8.051803556776588e+02 2.515737588336446e+03 8.445477085993924e+02 [2.773177212267287e+03]
-8.051784837080850e+02 2.515740416918869e+03 8.445389007443804e+02 [2.773176552406302e+03]
-8.051766117250058e+02 2.515743245479427e+03 8.445300928820665e+02 [2.773175892551303e+03]
-8.051747397284171e+02 2.515746074018109e+03 8.445212850124746e+02 [2.773175232702285e+03]
-8.051728677183291e+02 2.515748902534928e+03 8.445124771355544e+02 [2.773174572859250e+03]
-8.051709956947366e+02 2.515751731029877e+03 8.445036692513310e+02 [2.773173913022196e+03]
-8.051691236576432e+02 2.515754559502950e+03 8.444948613598310e+02 [2.773173253191127e+03]
-8.051672516070325e+02 2.515757387954163e+03 8.444860534610031e+02 [2.773172593366038e+03]
-8.051653795429266e+02 2.515760216383503e+03 8.444772455548723e+02 [2.773171933546930e+03]
-8.051635074653169e+02 2.515763044790976e+03 8.444684376414390e+02 [2.773171273733807e+03]
-8.051241907161382e+02 2.515822436295900e+03 8.442834697728028e+02 [2.773157419040210e+03]
-8.051223183414577e+02 2.515825264222221e+03 8.442746616987629e+02 [2.773156759358708e+03]
-8.051204459532714e+02 2.515828092126678e+03 8.442658536173951e+02 [2.773156099683186e+03]
-8.051185735515742e+02 2.515830920009271e+03 8.442570455287278e+02 [2.773155440013652e+03]
-8.051167011363830e+02 2.515833747869986e+03 8.442482374327590e+02 [2.773154780350097e+03]
-8.051148287076933e+02 2.515836575708824e+03 8.442394293295164e+02 [2.773154120692528e+03]
-8.051129562654983e+02 2.515839403525800e+03 8.442306212189471e+02 [2.773153461040942e+03]
-8.051110838097911e+02 2.515842231320906e+03 8.442218131010783e+02 [2.773152801395337e+03]
-8.051092113405953e+02 2.515845059094132e+03 8.442130049759350e+02 [2.773152141755719e+03]
-8.051073388578938e+02 2.515847886845493e+03 8.442041968434656e+02 [2.773151482122081e+03]
-8.050680136023082e+02 2.515907264571701e+03 8.440192243756055e+02 [2.773137631197886e+03]
-8.050661408225822e+02 2.515910091841881e+03 8.440104160825543e+02 [2.773136971695887e+03]
-8.050642680293471e+02 2.515912919090193e+03 8.440016077822046e+02 [2.773136312199872e+03]
-8.050623952226241e+02 2.515915746316620e+03 8.439927994745823e+02 [2.773135652709843e+03]
-8.050605224023975e+02 2.515918573521183e+03 8.439839911596354e+02 [2.773134993225796e+03]
-8.050586495686712e+02 2.515921400703874e+03 8.439751828373913e+02 [2.773134333747733e+03]
-8.050567767214490e+02 2.515924227864684e+03 8.439663745078743e+02 [2.773133674275656e+03]
-8.050549038607132e+02 2.515927055003632e+03 8.439575661710346e+02 [2.773133014809562e+03]
-8.050530309864873e+02 2.515929882120704e+03 8.439487578268960e+02 [2.773132355349450e+03]
-8.050511580987643e+02 2.515932709215895e+03 8.439399494754857e+02 [2.773131695895324e+03]
-8.050118243381872e+02 2.515992073162301e+03 8.437549724098408e+02 [2.773117848741044e+03]
-8.050099511534897e+02 2.515994899776273e+03 8.437461638979000e+02 [2.773117189418576e+03]
-8.050080779552918e+02 2.515997726368380e+03 8.437373553786372e+02 [2.773116530102092e+03]
-8.050062047435855e+02 2.516000552938613e+03 8.437285468520777e+02 [2.773115870791589e+03]
-8.050043315183948e+02 2.516003379486963e+03 8.437197383182489e+02 [2.773115211487076e+03]
-8.050024582797025e+02 2.516006206013446e+03 8.437109297770984e+02 [2.773114552188545e+03]
-8.050005850275038e+02 2.516009032518057e+03 8.437021212286515e+02 [2.773113892895999e+03]
-8.049987117618200e+02 2.516011859000783e+03 8.436933126729359e+02 [2.773113233609439e+03]
-8.049668641800507e+02 2.516059905860373e+03 8.435435661093039e+02 [2.773102026653613e+03]
-8.049649906714099e+02 2.516062731949359e+03 8.435347574222552e+02 [2.773101367474784e+03]
-8.049556229258073e+02 2.516076862066119e+03 8.434907138776493e+02 [2.773098071670418e+03]
-8.049537493361993e+02 2.516079688023849e+03 8.434819051468364e+02 [2.773097412527502e+03]
-8.049518757330998e+02 2.516082513959694e+03 8.434730964087559e+02 [2.773096753390574e+03]
-8.049500021164911e+02 2.516085339873671e+03 8.434642876633562e+02 [2.773096094259627e+03]
-8.049481284863964e+02 2.516088165765770e+03 8.434554789106630e+02 [2.773095435134666e+03]
-8.049462548428095e+02 2.516090991635986e+03 8.434466701507009e+02 [2.773094776015694e+03]
-8.049443811857234e+02 2.516093817484333e+03 8.434378613834213e+02 [2.773094116902704e+03]
-8.049425075151333e+02 2.516096643310807e+03 8.434290526088477e+02 [2.773093457795701e+03]
-8.049406338310604e+02 2.516099469115393e+03 8.434202438270059e+02 [2.773092798694684e+03]
-8.049387601334885e+02 2.516102294898111e+03 8.434114350378463e+02 [2.773092139599652e+03]
-8.048994093671907e+02 2.516161631281606e+03 8.432264487810979e+02 [2.773078299986740e+03]
-8.048975353727436e+02 2.516164456583029e+03 8.432176398315090e+02 [2.773077641023401e+03]
-8.048956613648020e+02 2.516167281862575e+03 8.432088308746289e+02 [2.773076982066048e+03]
-8.048937873433624e+02 2.516170107120237e+03 8.432000219104823e+02 [2.773076323114682e+03]
-8.048919133084347e+02 2.516172932356026e+03 8.431912129390203e+02 [2.773075664169301e+03]
-8.048900392600131e+02 2.516175757569938e+03 8.431824039602668e+02 [2.773075005229907e+03]
-8.048881651981029e+02 2.516178582761964e+03 8.431735949742475e+02 [2.773074346296502e+03]
-8.048862911226864e+02 2.516181407932124e+03 8.431647859809125e+02 [2.773073687369082e+03]
-8.048844170337857e+02 2.516184233080400e+03 8.431559769802850e+02 [2.773073028447646e+03]
-8.048825429313925e+02 2.516187058206800e+03 8.431471679723686e+02 [2.773072369532198e+03]
-8.048431836643599e+02 2.516246380807203e+03 8.429621771222487e+02 [2.773058533690736e+03]
-8.048413092651438e+02 2.516249205452263e+03 8.429533679539803e+02 [2.773057874907001e+03]
-8.048394348524321e+02 2.516252030075448e+03 8.429445587783961e+02 [2.773057216129249e+03]
-8.048375604262213e+02 2.516254854676757e+03 8.429357495955228e+02 [2.773056557357485e+03]
-8.048356859865278e+02 2.516257679256184e+03 8.429269404053613e+02 [2.773055898591708e+03]
-8.048338115333477e+02 2.516260503813725e+03 8.429181312079359e+02 [2.773055239831922e+03]
-8.048319370666725e+02 2.516263328349394e+03 8.429093220031966e+02 [2.773054581078120e+03]
-8.048300625864977e+02 2.516266152863185e+03 8.429005127911679e+02 [2.773053922330306e+03]
-8.048281880928444e+02 2.516268977355086e+03 8.428917035718771e+02 [2.773053263588480e+03]
-8.048263135856965e+02 2.516271801825115e+03 8.428828943452720e+02 [2.773052604852640e+03]
-8.047869458193468e+02 2.516331110641332e+03 8.426978989032473e+02 [2.773038772783139e+03]
-8.047850710154223e+02 2.516333934629989e+03 8.426890895163157e+02 [2.773038114179028e+03]
-8.047831961980090e+02 2.516336758596765e+03 8.426802801220979e+02 [2.773037455580904e+03]
-8.047813213671022e+02 2.516339582541656e+03 8.426714707206183e+02 [2.773036796988772e+03]
-8.047794465227109e+02 2.516342406464669e+03 8.426626613118264e+02 [2.773036138402623e+03]
-8.047775716648309e+02 2.516345230365801e+03 8.426538518957487e+02 [2.773035479822463e+03]
-8.047756967934663e+02 2.516348054245045e+03 8.426450424724102e+02 [2.773034821248295e+03]
-8.047738219086002e+02 2.516350878102417e+03 8.426362330417592e+02 [2.773034162680112e+03]
-8.047719470102539e+02 2.516353701937905e+03 8.426274236038225e+02 [2.773033504117916e+03]
-8.047700720984235e+02 2.516356525751502e+03 8.426186141586248e+02 [2.773032845561710e+03]
-8.047306958341720e+02 2.516415820782450e+03 8.424336141261321e+02 [2.773019017264681e+03]
-8.047288206256144e+02 2.516418644114638e+03 8.424248045206589e+02 [2.773018358840222e+03]
-8.047269454035662e+02 2.516421467424952e+03 8.424159949078767e+02 [2.773017700421750e+03]
-8.047250701680224e+02 2.516424290713386e+03 8.424071852878093e+02 [2.773017042009267e+03]
-8.047231949190045e+02 2.516427113979924e+03 8.423983756604825e+02 [2.773016383602773e+03]
-8.047213196564969e+02 2.516429937224589e+03 8.423895660258473e+02 [2.773015725202267e+03]
-8.047194443804931e+02 2.516432760447373e+03 8.423807563839275e+02 [2.773015066807750e+03]
-8.047175690910162e+02 2.516435583648263e+03 8.423719467347502e+02 [2.773014408419224e+03]
-8.047156937880493e+02 2.516438406827278e+03 8.423631370782623e+02 [2.773013750036685e+03]
-8.047138184715961e+02 2.516441229984409e+03 8.423543274144905e+02 [2.773013091660135e+03]
-8.046744337108682e+02 2.516500511228977e+03 8.421693227930456e+02 [2.772999267136092e+03]
-8.046725580977374e+02 2.516503333904659e+03 8.421605129690490e+02 [2.772998608891306e+03]
-8.046706824711255e+02 2.516506156558451e+03 8.421517031377969e+02 [2.772997950652511e+03]
-8.046688068310168e+02 2.516508979190367e+03 8.421428932992368e+02 [2.772997292419704e+03]
-8.046669311774326e+02 2.516511801800398e+03 8.421340834533956e+02 [2.772996634192888e+03]
-8.046650555103679e+02 2.516514624388534e+03 8.421252736002978e+02 [2.772995975972061e+03]
-8.046631798298154e+02 2.516517446954793e+03 8.421164637398915e+02 [2.772995317757222e+03]
-8.046613041357696e+02 2.516520269499171e+03 8.421076538722051e+02 [2.772994659548375e+03]
-8.046594284282522e+02 2.516523092021653e+03 8.420988439972622e+02 [2.772994001345518e+03]
-8.046575527072478e+02 2.516525914522257e+03 8.420900341150123e+02 [2.772993343148649e+03]
-8.046181594514585e+02 2.516585181979360e+03 8.419050249060523e+02 [2.772979522398101e+03]
-8.046162834338257e+02 2.516588003998480e+03 8.418962148636288e+02 [2.772978864333016e+03]
-8.046144074027104e+02 2.516590825995711e+03 8.418874048139255e+02 [2.772978206273919e+03]
-8.046125313581171e+02 2.516593647971049e+03 8.418785947569677e+02 [2.772977548220813e+03]
-8.046106553000286e+02 2.516596469924511e+03 8.418697846927062e+02 [2.772976890173698e+03]
-8.046087792284673e+02 2.516599291856083e+03 8.418609746211642e+02 [2.772976232132573e+03]
-8.046069031434276e+02 2.516602113765762e+03 8.418521645423687e+02 [2.772975574097440e+03]
-8.046050270448936e+02 2.516604935653564e+03 8.418433544562682e+02 [2.772974916068296e+03]
-8.046031509328868e+02 2.516607757519476e+03 8.418345443628881e+02 [2.772974258045142e+03]
-8.046012748073981e+02 2.516610579363502e+03 8.418257342622292e+02 [2.772973600027979e+03]
-8.045618730579663e+02 2.516669833032049e+03 8.416407204672181e+02 [2.772959783051439e+03]
-8.045599966359028e+02 2.516672654394542e+03 8.416319102064618e+02 [2.772959125166076e+03]
-8.045581202003557e+02 2.516675475735156e+03 8.416230999384034e+02 [2.772958467286705e+03]
-8.045562437513195e+02 2.516678297053884e+03 8.416142896630681e+02 [2.772957809413324e+03]
-8.045543672888125e+02 2.516681118350720e+03 8.416054793804544e+02 [2.772957151545934e+03]
-8.045524908128295e+02 2.516683939625661e+03 8.415966690905893e+02 [2.772956493684537e+03]
-8.045506143233631e+02 2.516686760878722e+03 8.415878587934220e+02 [2.772955835829131e+03]
-8.045487378204082e+02 2.516689582109896e+03 8.415790484889772e+02 [2.772955177979714e+03]
-8.045468613039857e+02 2.516692403319171e+03 8.415702381772825e+02 [2.772954520136291e+03]
-8.045449847740813e+02 2.516695224506568e+03 8.415614278582842e+02 [2.772953862298860e+03]
-8.045055745324260e+02 2.516754464385465e+03 8.413764094786857e+02 [2.772940049096836e+03]
-8.045036977059917e+02 2.516757285091297e+03 8.413675989996161e+02 [2.772939391391219e+03]
-8.045018208660802e+02 2.516760105775239e+03 8.413587885132714e+02 [2.772938733691596e+03]
-8.044999440126853e+02 2.516762926437287e+03 8.413499780196775e+02 [2.772938075997966e+03]
-8.044980671458177e+02 2.516765747077449e+03 8.413411675187832e+02 [2.772937418310326e+03]
-8.044961902654733e+02 2.516768567695722e+03 8.413323570106143e+02 [2.772936760628679e+03]
-8.044943133716549e+02 2.516771388292096e+03 8.413235464951962e+02 [2.772936102953025e+03]
-8.044924364643471e+02 2.516774208866593e+03 8.413147359724783e+02 [2.772935445283364e+03]
-8.044905595435705e+02 2.516777029419194e+03 8.413059254424842e+02 [2.772934787619692e+03]
-8.044886826093199e+02 2.516779849949899e+03 8.412971149052422e+02 [2.772934129962015e+03]
-8.044492638768568e+02 2.516839076038063e+03 8.411120919424951e+02 [2.772920320535018e+03]
-8.044473866461274e+02 2.516841896087168e+03 8.411032812452329e+02 [2.772919663009178e+03]
-8.044455094019183e+02 2.516844716114386e+03 8.410944705406727e+02 [2.772919005489326e+03]
-8.044436321442254e+02 2.516847536119718e+03 8.410856598288389e+02 [2.772918347975469e+03]
-8.044417548730692e+02 2.516850356103145e+03 8.410768491097585e+02 [2.772917690467604e+03]
-8.044398775884343e+02 2.516853176064690e+03 8.410680383833803e+02 [2.772917032965732e+03]
-8.044380002903245e+02 2.516855996004343e+03 8.410592276497296e+02 [2.772916375469854e+03]
-8.044361229787341e+02 2.516858815922099e+03 8.410504169088323e+02 [2.772915717979969e+03]
-8.044342456536738e+02 2.516861635817968e+03 8.410416061606370e+02 [2.772915060496076e+03]
-8.044323683151390e+02 2.516864455691945e+03 8.410327954051697e+02 [2.772914403018176e+03]
-8.043929410932942e+02 2.516923667988271e+03 8.408477678607885e+02 [2.772900597366722e+03]
-8.043910634583292e+02 2.516926487380608e+03 8.408389569453515e+02 [2.772899940020674e+03]
-8.043891858098948e+02 2.516929306751045e+03 8.408301460226701e+02 [2.772899282680622e+03]
-8.043873081479742e+02 2.516932126099598e+03 8.408213350926929e+02 [2.772898625346561e+03]
-8.043854304725896e+02 2.516934945426256e+03 8.408125241554451e+02 [2.772897968018495e+03]
-8.043835527837357e+02 2.516937764731014e+03 8.408037132109539e+02 [2.772897310696425e+03]
-8.043816750814057e+02 2.516940584013886e+03 8.407949022591660e+02 [2.772896653380347e+03]
-8.043797973655935e+02 2.516943403274865e+03 8.407860913001084e+02 [2.772895996070262e+03]
-8.043478741356519e+02 2.516991327361668e+03 8.406363038840382e+02 [2.772884822715904e+03]
-8.043459961773499e+02 2.516994146228550e+03 8.406274927941334e+02 [2.772884165513711e+03]
-8.043366061837617e+02 2.517008240234531e+03 8.405834372356315e+02 [2.772880879592668e+03]
-8.043347281446327e+02 2.517011058970044e+03 8.405746261021164e+02 [2.772880222426443e+03]
-8.043328500920322e+02 2.517013877683662e+03 8.405658149613323e+02 [2.772879565266210e+03]
-8.043309720259654e+02 2.517016696375378e+03 8.405570038133063e+02 [2.772878908111975e+03]
-8.043290939464146e+02 2.517019515045208e+03 8.405481926579865e+02 [2.772878250963732e+03]
-8.043272158534021e+02 2.517022333693141e+03 8.405393814954002e+02 [2.772877593821484e+03]
-8.043253377469225e+02 2.517025152319171e+03 8.405305703255701e+02 [2.772876936685232e+03]
-8.043234596269597e+02 2.517027970923315e+03 8.405217591484469e+02 [2.772876279554972e+03]
-8.042915295268000e+02 2.517075883843658e+03 8.403719680256013e+02 [2.772865109257772e+03]
-8.042896511643924e+02 2.517078702053669e+03 8.403631567176992e+02 [2.772864452235424e+03]
-8.042802591502839e+02 2.517092792775296e+03 8.403191000690900e+02 [2.772861167213590e+03]
-8.042783807070623e+02 2.517095610853925e+03 8.403102887175913e+02 [2.772860510227211e+03]
-8.042765022503676e+02 2.517098428910665e+03 8.403014773588009e+02 [2.772859853246826e+03]
-8.042746237801955e+02 2.517101246945511e+03 8.402926659927452e+02 [2.772859196272435e+03]
-8.042727452965645e+02 2.517104064958455e+03 8.402838546194222e+02 [2.772858539304038e+03]
-8.042708667994682e+02 2.517106882949497e+03 8.402750432388617e+02 [2.772857882341641e+03]
-8.042689882888997e+02 2.517109700918649e+03 8.402662318510087e+02 [2.772857225385237e+03]
-8.042671097648540e+02 2.517112518865906e+03 8.402574204558898e+02 [2.772856568434827e+03]
-8.042351727956359e+02 2.517160420618894e+03 8.401076256274889e+02 [2.772845401195200e+03]
-8.042332940291822e+02 2.517163238171992e+03 8.400988141016069e+02 [2.772844744352713e+03]
-8.042238999948994e+02 2.517177325608995e+03 8.400547563632909e+02 [2.772841460230217e+03]
-8.042220211476450e+02 2.517180143030703e+03 8.400459447938266e+02 [2.772840803423707e+03]
-8.042201422869243e+02 2.517182960430513e+03 8.400371332170987e+02 [2.772840146623191e+03]
-8.042182634127316e+02 2.517185777808417e+03 8.400283216331334e+02 [2.772839489828673e+03]
-8.042163845250781e+02 2.517188595164428e+03 8.400195100418794e+02 [2.772838833040149e+03]
-8.042145056239581e+02 2.517191412498542e+03 8.400106984433614e+02 [2.772838176257622e+03]
-8.042126267093761e+02 2.517194229810748e+03 8.400018868376062e+02 [2.772837519481092e+03]
-8.042107477813148e+02 2.517197047101066e+03 8.399930752245623e+02 [2.772836862710557e+03]
-8.041788039441744e+02 2.517244937685826e+03 8.398432766917709e+02 [2.772825698528916e+03]
-8.041769247737491e+02 2.517247754581946e+03 8.398344649480313e+02 [2.772825041866320e+03]
-8.041675287196226e+02 2.517261838734077e+03 8.397904061203051e+02 [2.772821758643278e+03]
-8.041656494684106e+02 2.517264655498796e+03 8.397815943329973e+02 [2.772821102016661e+03]
-8.041637702037310e+02 2.517267472241624e+03 8.397727825384020e+02 [2.772820445396042e+03]
-8.041618909255778e+02 2.517270288962552e+03 8.397639707365447e+02 [2.772819788781416e+03]
-8.041600116339735e+02 2.517273105661569e+03 8.397551589274535e+02 [2.772819132172790e+03]
-8.041581323289017e+02 2.517275922338694e+03 8.397463471110755e+02 [2.772818475570160e+03]
-8.041562530103656e+02 2.517278738993919e+03 8.397375352874366e+02 [2.772817818973527e+03]
-8.041543736783603e+02 2.517281555627238e+03 8.397287234565628e+02 [2.772817162382892e+03]
-8.041524943328968e+02 2.517284372238661e+03 8.397199116184017e+02 [2.772816505798252e+03]
-8.041506149739701e+02 2.517287188828185e+03 8.397110997729810e+02 [2.772815849219611e+03]
-8.041111453264925e+02 2.517346332148973e+03 8.395260493422616e+02 [2.772802062453502e+03]
-8.041092656713834e+02 2.517349148256666e+03 8.395172373371269e+02 [2.772801406006801e+03]
-8.041073860028164e+02 2.517351964342451e+03 8.395084253247601e+02 [2.772800749566101e+03]
-8.041055063207828e+02 2.517354780406340e+03 8.394996133051081e+02 [2.772800093131396e+03]
-8.041036266252787e+02 2.517357596448330e+03 8.394908012781978e+02 [2.772799436702689e+03]
-8.041017469163255e+02 2.517360412468408e+03 8.394819892440545e+02 [2.772798780279981e+03]
-8.040998671939078e+02 2.517363228466590e+03 8.394731772026266e+02 [2.772798123863270e+03]
-8.040979874580187e+02 2.517366044442875e+03 8.394643651539405e+02 [2.772797467452557e+03]
-8.040961077086811e+02 2.517368860397245e+03 8.394555530980219e+02 [2.772796811047842e+03]
-8.040942279458786e+02 2.517371676329722e+03 8.394467410348195e+02 [2.772796154649125e+03]
-8.040547498175345e+02 2.517430805852129e+03 8.392616860312245e+02 [2.772782371661615e+03]
-8.040528697585993e+02 2.517433621302738e+03 8.392528738083599e+02 [2.772781715394857e+03]
-8.040509896862043e+02 2.517436436731444e+03 8.392440615782390e+02 [2.772781059134099e+03]
-8.040491096003532e+02 2.517439252138237e+03 8.392352493408869e+02 [2.772780402879339e+03]
-8.040472295010302e+02 2.517442067523138e+03 8.392264370962531e+02 [2.772779746630576e+03]
-8.040453493882565e+02 2.517444882886130e+03 8.392176248443629e+02 [2.772779090387812e+03]
-8.040434692620272e+02 2.517447698227213e+03 8.392088125852417e+02 [2.772778434151048e+03]
-8.040415891223258e+02 2.517450513546401e+03 8.392000003188398e+02 [2.772777777920281e+03]
-8.040397089691743e+02 2.517453328843683e+03 8.391911880451811e+02 [2.772777121695514e+03]
-8.040378288025636e+02 2.517456144119061e+03 8.391823757642666e+02 [2.772776465476745e+03]
-8.039983421947732e+02 2.517515259841997e+03 8.389973161892613e+02 [2.772762686268344e+03]
-8.039964617320835e+02 2.517518074635463e+03 8.389885037487610e+02 [2.772762030181555e+03]
-8.039945812559321e+02 2.517520889407030e+03 8.389796913009819e+02 [2.772761374100764e+03]
-8.039927007663147e+02 2.517523704156693e+03 8.389708788459482e+02 [2.772760718025970e+03]
-8.039908202632496e+02 2.517526518884450e+03 8.389620663836604e+02 [2.772760061957177e+03]
-8.039889397467300e+02 2.517529333590292e+03 8.389532539141445e+02 [2.772759405894384e+03]
-8.039870592167495e+02 2.517532148274236e+03 8.389444414373494e+02 [2.772758749837589e+03]
-8.039851786733033e+02 2.517534962936278e+03 8.389356289533001e+02 [2.772758093786794e+03]
-8.039832981164132e+02 2.517537777576402e+03 8.389268164620225e+02 [2.772757437742000e+03]
-8.039814175460615e+02 2.517540592194629e+03 8.389180039634665e+02 [2.772756781703204e+03]
-8.039419224602452e+02 2.517599694117006e+03 8.387329398185137e+02 [2.772743006274422e+03]
-8.039400415938610e+02 2.517602508253289e+03 8.387241271603974e+02 [2.772742350367621e+03]
-8.039381607140219e+02 2.517605322367666e+03 8.387153144950287e+02 [2.772741694466821e+03]
-8.039362798207306e+02 2.517608136460127e+03 8.387065018224340e+02 [2.772741038572022e+03]
-8.039343989139720e+02 2.517610950530693e+03 8.386976891425634e+02 [2.772740382683223e+03]
-8.039325179937675e+02 2.517613764579348e+03 8.386888764554401e+02 [2.772739726800423e+03]
-8.039306370601116e+02 2.517616578606086e+03 8.386800637610914e+02 [2.772739070923624e+03]
-8.039287561129884e+02 2.517619392610929e+03 8.386712510594648e+02 [2.772738415052825e+03]
-8.039268751524191e+02 2.517622206593861e+03 8.386624383505872e+02 [2.772737759188024e+03]
-8.039249941783993e+02 2.517625020554879e+03 8.386536256344848e+02 [2.772737103329228e+03]
-8.038854906159733e+02 2.517684108675611e+03 8.384685569210227e+02 [2.772723331680572e+03]
-8.038836093459697e+02 2.517686922154647e+03 8.384597440454114e+02 [2.772722675953789e+03]
-8.038817280625092e+02 2.517689735611781e+03 8.384509311625238e+02 [2.772722020233003e+03]
-8.038798467655868e+02 2.517692549047009e+03 8.384421182723884e+02 [2.772721364518220e+03]
-8.038779654552249e+02 2.517695362460318e+03 8.384333053750273e+02 [2.772720708809439e+03]
-8.038760841314059e+02 2.517698175851724e+03 8.384244924703927e+02 [2.772720053106656e+03]
-8.038742027941344e+02 2.517700989221223e+03 8.384156795585078e+02 [2.772719397409875e+03]
-8.038723214434056e+02 2.517703802568806e+03 8.384068666394001e+02 [2.772718741719097e+03]
-8.038704400792290e+02 2.517706615894487e+03 8.383980537130175e+02 [2.772718086034319e+03]
-8.038685587016001e+02 2.517709429198256e+03 8.383892407793862e+02 [2.772717430355541e+03]
-8.038290466639930e+02 2.517768503516240e+03 8.382041674989322e+02 [2.772703662487524e+03]
-8.038271649904301e+02 2.517771316337991e+03 8.381953544058432e+02 [2.772703006940777e+03]
-8.038252833034206e+02 2.517774129137824e+03 8.381865413055328e+02 [2.772702351400035e+03]
-8.038234016029567e+02 2.517776941915755e+03 8.381777281979492e+02 [2.772701695865293e+03]
-8.038215198890330e+02 2.517779754671776e+03 8.381689150831190e+02 [2.772701040336552e+03]
-8.038196381616710e+02 2.517782567405876e+03 8.381601019610677e+02 [2.772700384813814e+03]
-8.038177564208562e+02 2.517785380118072e+03 8.381512888317424e+02 [2.772699729297075e+03]
-8.038158746665813e+02 2.517788192808362e+03 8.381424756951716e+02 [2.772699073786341e+03]
-8.037838827862250e+02 2.517836005190762e+03 8.379926512649340e+02 [2.772687931022153e+03]
-8.037820007898663e+02 2.517838817486640e+03 8.379838379979345e+02 [2.772687275619455e+03]
-8.037725906063317e+02 2.517852878637347e+03 8.379397715543072e+02 [2.772683998696006e+03]
-8.037707085292810e+02 2.517855690801754e+03 8.379309582438365e+02 [2.772683343329324e+03]
-8.037688264387818e+02 2.517858502944248e+03 8.379221449261211e+02 [2.772682687968643e+03]
-8.037669443348387e+02 2.517861315064823e+03 8.379133316011861e+02 [2.772682032613967e+03]
-8.037650622174338e+02 2.517864127163493e+03 8.379045182689810e+02 [2.772681377265290e+03]
-8.037631800865898e+02 2.517866939240250e+03 8.378957049295311e+02 [2.772680721922618e+03]
-8.037612979423014e+02 2.517869751295087e+03 8.378868915828627e+02 [2.772680066585950e+03]
-8.037594157845614e+02 2.517872563328017e+03 8.378780782289241e+02 [2.772679411255282e+03]
-8.037274170454757e+02 2.517920364535135e+03 8.377282501037635e+02 [2.772668271552378e+03]
-8.037255346456875e+02 2.517923176173621e+03 8.377194366194625e+02 [2.772667616329765e+03]
-8.037161224450153e+02 2.517937234037381e+03 8.376753690892152e+02 [2.772664340306742e+03]
-8.037142399645481e+02 2.517940045544383e+03 8.376665555614579e+02 [2.772663685120148e+03]
-8.037123574706316e+02 2.517942857029480e+03 8.376577420264323e+02 [2.772663029939557e+03]
-8.037104749632592e+02 2.517945668492664e+03 8.376489284841650e+02 [2.772662374764967e+03]
-8.037085924424503e+02 2.517948479933933e+03 8.376401149346551e+02 [2.772661719596383e+03]
-8.037067099081988e+02 2.517951291353278e+03 8.376313013779270e+02 [2.772661064433801e+03]
-8.037048273604979e+02 2.517954102750718e+03 8.376224878139328e+02 [2.772660409277225e+03]
-8.037029447993427e+02 2.517956914126245e+03 8.376136742426958e+02 [2.772659754126649e+03]
-8.036709392027034e+02 2.518004704157177e+03 8.374638424238492e+02 [2.772648617485444e+03]
-8.036690563995455e+02 2.518007515138234e+03 8.374550287222671e+02 [2.772647962442938e+03]
-8.036596421820805e+02 2.518021569714771e+03 8.374109601057979e+02 [2.772644687320462e+03]
-8.036577592982571e+02 2.518024380564332e+03 8.374021463607729e+02 [2.772644032313978e+03]
-8.036558764009906e+02 2.518027191391980e+03 8.373933326085079e+02 [2.772643377313500e+03]
-8.036539934902828e+02 2.518030002197701e+03 8.373845188490276e+02 [2.772642722319024e+03]
-8.036521105661193e+02 2.518032812981518e+03 8.373757050822820e+02 [2.772642067330553e+03]
-8.036502276285212e+02 2.518035623743418e+03 8.373668913082970e+02 [2.772641412348088e+03]
-8.036483446774828e+02 2.518038434483392e+03 8.373580775270974e+02 [2.772640757371626e+03]
-8.036464617129880e+02 2.518041245201462e+03 8.373492637386324e+02 [2.772640102401168e+03]
-8.036144492599299e+02 2.518089024055345e+03 8.371994282272326e+02 [2.772628968822072e+03]
-8.036125660534768e+02 2.518091834378904e+03 8.371906143084897e+02 [2.772628313959698e+03]
-8.036031498195509e+02 2.518105885667975e+03 8.371465446060979e+02 [2.772625039737889e+03]
-8.036012665324466e+02 2.518108695860030e+03 8.371377306439256e+02 [2.772624384911544e+03]
-8.035993832318975e+02 2.518111506030175e+03 8.371289166744896e+02 [2.772623730091202e+03]
-8.035974999179061e+02 2.518114316178403e+03 8.371201026978160e+02 [2.772623075276865e+03]
-8.035956165904682e+02 2.518117126304706e+03 8.371112887139315e+02 [2.772622420468533e+03]
-8.035937332495945e+02 2.518119936409099e+03 8.371024747227817e+02 [2.772621765666206e+03]
-8.035918498952790e+02 2.518122746491574e+03 8.370936607243957e+02 [2.772621110869884e+03]
-8.035899665275258e+02 2.518125556552121e+03 8.370848467187978e+02 [2.772620456079569e+03]
-8.035579472191932e+02 2.518173324228069e+03 8.369350075160578e+02 [2.772609325562992e+03]
-8.035560636095061e+02 2.518176133894094e+03 8.369261933801724e+02 [2.772608670880771e+03]
-8.035466453594653e+02 2.518190181895426e+03 8.368821225922567e+02 [2.772605397559756e+03]
-8.035447616691397e+02 2.518192991429936e+03 8.368733084129567e+02 [2.772604742913568e+03]
-8.035428779653797e+02 2.518195800942520e+03 8.368644942264457e+02 [2.772604088273389e+03]
-8.035409942481758e+02 2.518198610433193e+03 8.368556800326738e+02 [2.772603433639214e+03]
-8.035391105175243e+02 2.518201419901948e+03 8.368468658316672e+02 [2.772602779011044e+03]
-8.035372267734454e+02 2.518204229348773e+03 8.368380516234508e+02 [2.772602124388882e+03]
-8.035353430159244e+02 2.518207038773687e+03 8.368292374079724e+02 [2.772601469772724e+03]
-8.035334592449556e+02 2.518209848176684e+03 8.368204231852606e+02 [2.772600815162572e+03]
-8.035014330825206e+02 2.518257604673800e+03 8.366705802923908e+02 [2.772589687708929e+03]
-8.034995490696713e+02 2.518260413682234e+03 8.366617659394585e+02 [2.772589033206889e+03]
-8.034901288038493e+02 2.518274458395573e+03 8.366176940663413e+02 [2.772585760786783e+03]
-8.034882447103749e+02 2.518277267272480e+03 8.366088796700086e+02 [2.772585106320781e+03]
-8.034863606034633e+02 2.518280076127465e+03 8.366000652664417e+02 [2.772584451860784e+03]
-8.034844764831189e+02 2.518282884960525e+03 8.365912508556671e+02 [2.772583797406799e+03]
-8.034825923493247e+02 2.518285693771671e+03 8.365824364376336e+02 [2.772583142958816e+03]
-8.034807082021018e+02 2.518288502560894e+03 8.365736220123681e+02 [2.772582488516840e+03]
-8.034788240414464e+02 2.518291311328187e+03 8.365648075798948e+02 [2.772581834080872e+03]
-8.034769398673508e+02 2.518294120073569e+03 8.365559931401629e+02 [2.772581179650911e+03]
-8.034449068519400e+02 2.518341865390995e+03 8.364061465582971e+02 [2.772570055260609e+03]
-8.034430224359988e+02 2.518344673741775e+03 8.363973319884137e+02 [2.772569400938775e+03]
-8.034336001547310e+02 2.518358715166871e+03 8.363532590304198e+02 [2.772566129419698e+03]
-8.034317156581791e+02 2.518361523386116e+03 8.363444444171480e+02 [2.772565475133908e+03]
-8.034298311481883e+02 2.518364331583445e+03 8.363356297966205e+02 [2.772564820854122e+03]
-8.034279466247625e+02 2.518367139758851e+03 8.363268151688615e+02 [2.772564166580343e+03]
-8.034260620878932e+02 2.518369947912337e+03 8.363180005338717e+02 [2.772563512312571e+03]
-8.034241775376018e+02 2.518372756043890e+03 8.363091858916777e+02 [2.772562858050809e+03]
-8.034222929738725e+02 2.518375564153528e+03 8.363003712422267e+02 [2.772562203795052e+03]
-8.034204083966995e+02 2.518378372241245e+03 8.362915565855452e+02 [2.772561549545303e+03]
-8.033883685294893e+02 2.518426106378080e+03 8.361417063159219e+02 [2.772550428218761e+03]
-8.033864837105165e+02 2.518428914071170e+03 8.361328915291047e+02 [2.772549774077151e+03]
-8.033770594141495e+02 2.518442952207750e+03 8.360888174866337e+02 [2.772546503459232e+03]
-8.033751745145796e+02 2.518445759769294e+03 8.360800026564434e+02 [2.772545849353671e+03]
-8.033732896015770e+02 2.518448567308914e+03 8.360711878190237e+02 [2.772545195254118e+03]
-8.033714046751461e+02 2.518451374826603e+03 8.360623729744025e+02 [2.772544541160577e+03]
-8.033695197352695e+02 2.518454182322377e+03 8.360535581225259e+02 [2.772543887073041e+03]
-8.033676347819694e+02 2.518456989796222e+03 8.360447432634213e+02 [2.772543232991512e+03]
-8.033657498152411e+02 2.518459797248138e+03 8.360359283971152e+02 [2.772542578915996e+03]
-8.033638648350768e+02 2.518462604678134e+03 8.360271135235535e+02 [2.772541924846484e+03]
-8.033619798414711e+02 2.518465412086210e+03 8.360182986427643e+02 [2.772541270782982e+03]
-8.033600948344458e+02 2.518468219472350e+03 8.360094837547726e+02 [2.772540616725490e+03]
-8.033205065841277e+02 2.518527169516669e+03 8.358243694370250e+02 [2.772526882906102e+03]
-8.033186212816156e+02 2.518529976420446e+03 8.358155543900363e+02 [2.772526228980800e+03]
-8.033167359656692e+02 2.518532783302308e+03 8.358067393357956e+02 [2.772525575061507e+03]
-8.033148506362922e+02 2.518535590162240e+03 8.357979242743285e+02 [2.772524921148221e+03]
-8.033129652934804e+02 2.518538397000243e+03 8.357891092056611e+02 [2.772524267240947e+03]
-8.033110799372434e+02 2.518541203816324e+03 8.357802941297422e+02 [2.772523613339680e+03]
-8.033091945675760e+02 2.518544010610477e+03 8.357714790465968e+02 [2.772522959444421e+03]
-8.033073091844831e+02 2.518546817382698e+03 8.357626639562516e+02 [2.772522305555175e+03]
-8.032752556170885e+02 2.518594529155739e+03 8.356128063145912e+02 [2.772511190357374e+03]
-8.032733699922644e+02 2.518597335533280e+03 8.356039910941671e+02 [2.772510536576293e+03]
-8.032639416667059e+02 2.518611367092063e+03 8.355599148837365e+02 [2.772507267761042e+03]
-8.032620559613113e+02 2.518614173338036e+03 8.355510996199685e+02 [2.772506614016019e+03]
-8.032601702424922e+02 2.518616979562076e+03 8.355422843490020e+02 [2.772505960277009e+03]
-8.032582845102415e+02 2.518619785764196e+03 8.355334690707850e+02 [2.772505306544007e+03]
-8.032563987645540e+02 2.518622591944390e+03 8.355246537853443e+02 [2.772504652817015e+03]
-8.032545130054514e+02 2.518625398102643e+03 8.355158384927061e+02 [2.772503999096033e+03]
-8.032526272329167e+02 2.518628204238978e+03 8.355070231928187e+02 [2.772503345381059e+03]
-8.032507414469547e+02 2.518631010353386e+03 8.354982078857075e+02 [2.772502691672098e+03]
-8.032488556475600e+02 2.518633816445860e+03 8.354893925713985e+02 [2.772502037969148e+03]
-8.032469698347425e+02 2.518636622516410e+03 8.354805772498407e+02 [2.772501384272205e+03]
-8.032073646639108e+02 2.518695544932380e+03 8.352954538288368e+02 [2.772487658024772e+03]
-8.032054785557052e+02 2.518698350520493e+03 8.352866383483833e+02 [2.772487004460056e+03]
-8.032035924340748e+02 2.518701156086675e+03 8.352778228607085e+02 [2.772486350901350e+03]
-8.032017062990210e+02 2.518703961630920e+03 8.352690073658383e+02 [2.772485697348656e+03]
-8.031998201505298e+02 2.518706767153248e+03 8.352601918637208e+02 [2.772485043801973e+03]
-8.031979339886218e+02 2.518709572653642e+03 8.352513763543822e+02 [2.772484390261300e+03]
-8.031960478132912e+02 2.518712378132096e+03 8.352425608378471e+02 [2.772483736726636e+03]
-8.031941616245322e+02 2.518715183588630e+03 8.352337453140656e+02 [2.772483083197985e+03]
-8.031922754223383e+02 2.518717989023236e+03 8.352249297830631e+02 [2.772482429675343e+03]
-8.031903892067289e+02 2.518720794435911e+03 8.352161142448388e+02 [2.772481776158713e+03]
-8.031507755777722e+02 2.518779703036080e+03 8.350309862743899e+02 [2.772468053698019e+03]
-8.031488890668272e+02 2.518782507966270e+03 8.350221705773482e+02 [2.772467400313633e+03]
-8.031470025424557e+02 2.518785312874536e+03 8.350133548730610e+02 [2.772466746935258e+03]
-8.031451160046598e+02 2.518788117760873e+03 8.350045391615553e+02 [2.772466093562896e+03]
-8.031432294534325e+02 2.518790922625280e+03 8.349957234428294e+02 [2.772465440196543e+03]
-8.031413428887940e+02 2.518793727467743e+03 8.349869077169108e+02 [2.772464786836203e+03]
-8.031394563107283e+02 2.518796532288285e+03 8.349780919837475e+02 [2.772464133481874e+03]
-8.031375697192308e+02 2.518799337086898e+03 8.349692762433651e+02 [2.772463480133557e+03]
-8.031356831143225e+02 2.518802141863565e+03 8.349604604957894e+02 [2.772462826791251e+03]
-8.031337964959873e+02 2.518804946618311e+03 8.349516447409701e+02 [2.772462173454956e+03]
-8.030941744103379e+02 2.518863841401589e+03 8.347665122225413e+02 [2.772448454781509e+03]
-8.030922874967052e+02 2.518866645673824e+03 8.347576963089293e+02 [2.772447801577476e+03]
-8.030904005696605e+02 2.518869449924123e+03 8.347488803880998e+02 [2.772447148379456e+03]
-8.030885136291979e+02 2.518872254152481e+03 8.347400644600798e+02 [2.772446495187450e+03]
-8.030866266753012e+02 2.518875058358917e+03 8.347312485248160e+02 [2.772445842001453e+03]
-8.030847397079928e+02 2.518877862543415e+03 8.347224325823356e+02 [2.772445188821469e+03]
-8.030828527272677e+02 2.518880666705975e+03 8.347136166326654e+02 [2.772444535647501e+03]
-8.030809657331167e+02 2.518883470846607e+03 8.347048006757517e+02 [2.772443882479541e+03]
-8.030790787255362e+02 2.518886274965309e+03 8.346959847116221e+02 [2.772443229317594e+03]
-8.030771917045481e+02 2.518889079062067e+03 8.346871687403025e+02 [2.772442576161662e+03]
-8.030375611636059e+02 2.518947960027378e+03 8.345020316753333e+02 [2.772428861275964e+03]
-8.030356738473783e+02 2.518950763641585e+03 8.344932155452713e+02 [2.772428208252311e+03]
-8.030337865177289e+02 2.518953567233865e+03 8.344843994079688e+02 [2.772427555234671e+03]
-8.030318991746592e+02 2.518956370804208e+03 8.344755832634519e+02 [2.772426902223041e+03]
-8.030300118181658e+02 2.518959174352614e+03 8.344667671117464e+02 [2.772426249217428e+03]
-8.030281244482589e+02 2.518961977879088e+03 8.344579509528002e+02 [2.772425596217825e+03]
-8.030262370649333e+02 2.518964781383629e+03 8.344491347866405e+02 [2.772424943224237e+03]
-8.030243496681926e+02 2.518967584866225e+03 8.344403186132920e+02 [2.772424290236662e+03]
-8.030224622580208e+02 2.518970388326898e+03 8.344315024327027e+02 [2.772423637255099e+03]
-8.030205748344389e+02 2.518973191765633e+03 8.344226862449004e+02 [2.772422984279550e+03]
-8.029809358396442e+02 2.519032058911873e+03 8.342375446349070e+02 [2.772409273182114e+03]
-8.029790481208727e+02 2.519034861868018e+03 8.342287282884148e+02 [2.772408620338862e+03]
-8.029771603886888e+02 2.519037664802218e+03 8.342199119347349e+02 [2.772407967501626e+03]
-8.029752726430845e+02 2.519040467714491e+03 8.342110955738169e+02 [2.772407314670401e+03]
-8.029733848840546e+02 2.519043270604827e+03 8.342022792056868e+02 [2.772406661845188e+03]
-8.029714971116207e+02 2.519046073473217e+03 8.341934628303712e+02 [2.772406009025994e+03]
-8.029696093257667e+02 2.519048876319680e+03 8.341846464478170e+02 [2.772405356212812e+03]
-8.029677215264959e+02 2.519051679144205e+03 8.341758300580512e+02 [2.772404703405643e+03]
-8.029658337138035e+02 2.519054481946787e+03 8.341670136611002e+02 [2.772404050604488e+03]
-8.029639458877004e+02 2.519057284727438e+03 8.341581972569102e+02 [2.772403397809348e+03]
-8.029242984404804e+02 2.519116138053528e+03 8.339730511033315e+02 [2.772389690500680e+03]
-8.029224103192288e+02 2.519118940351555e+03 8.339642345405030e+02 [2.772389037837855e+03]
-8.029205221845713e+02 2.519121742627640e+03 8.339554179704652e+02 [2.772388385181044e+03]
-8.029186340365034e+02 2.519124544881779e+03 8.339466013932415e+02 [2.772387732530248e+03]
-8.029167458750080e+02 2.519127347113988e+03 8.339377848087827e+02 [2.772387079885465e+03]
-8.029148577001072e+02 2.519130149324260e+03 8.339289682171155e+02 [2.772386427246699e+03]
-8.029129695117958e+02 2.519132951512583e+03 8.339201516182638e+02 [2.772385774613947e+03]
-8.029110813100674e+02 2.519135753678977e+03 8.339113350121755e+02 [2.772385121987210e+03]
-8.029091930949153e+02 2.519138555823434e+03 8.339025183988790e+02 [2.772384469366487e+03]
-8.029073048663578e+02 2.519141357945949e+03 8.338937017783726e+02 [2.772383816751777e+03]
-8.028676489681183e+02 2.519200197450806e+03 8.337085510826745e+02 [2.772370113232385e+03]
-8.028657604444751e+02 2.519202999090649e+03 8.336997343036057e+02 [2.772369460750011e+03]
-8.028638719074157e+02 2.519205800708560e+03 8.336909175173029e+02 [2.772368808273651e+03]
-8.028619833569442e+02 2.519208602304531e+03 8.336821007237936e+02 [2.772368155803307e+03]
-8.028600947930518e+02 2.519211403878563e+03 8.336732839230764e+02 [2.772367503338977e+03]
-8.028582062157595e+02 2.519214205430646e+03 8.336644671151766e+02 [2.772366850880666e+03]
-8.028563176250511e+02 2.519217006960794e+03 8.336556503000444e+02 [2.772366198428365e+03]
-8.028544290209321e+02 2.519219808469004e+03 8.336468334777054e+02 [2.772365545982084e+03]
-8.028223206989213e+02 2.519267430751618e+03 8.334969463954534e+02 [2.772354455315699e+03]
-8.028204318533999e+02 2.519270231864893e+03 8.334881294433960e+02 [2.772353802977701e+03]
-8.028109874246345e+02 2.519284237102132e+03 8.334440445750772e+02 [2.772350541377957e+03]
-8.028090984986418e+02 2.519287038083760e+03 8.334352275797867e+02 [2.772349889076055e+03]
-8.028072095592482e+02 2.519289839043444e+03 8.334264105772904e+02 [2.772349236780170e+03]
-8.028053206064487e+02 2.519292639981179e+03 8.334175935676149e+02 [2.772348584490305e+03]
-8.028034316402261e+02 2.519295440896982e+03 8.334087765507086e+02 [2.772347932206452e+03]
-8.028015426606036e+02 2.519298241790840e+03 8.333999595265964e+02 [2.772347279928616e+03]
-8.027996536675737e+02 2.519301042662749e+03 8.333911424953061e+02 [2.772346627656798e+03]
-8.027977646611312e+02 2.519303843512724e+03 8.333823254567850e+02 [2.772345975390995e+03]
-8.027958756412706e+02 2.519306644340759e+03 8.333735084110580e+02 [2.772345323131209e+03]
-8.027939866080123e+02 2.519309445146841e+03 8.333646913581525e+02 [2.772344670877440e+03]
-8.027543138120182e+02 2.519368257005979e+03 8.331795315825834e+02 [2.772330974938116e+03]
-8.027524244837704e+02 2.519371057329322e+03 8.331707143711920e+02 [2.772330322816716e+03]
-8.027505351421105e+02 2.519373857630727e+03 8.331618971525722e+02 [2.772329670701331e+03]
-8.027486457870425e+02 2.519376657910188e+03 8.331530799267488e+02 [2.772329018591961e+03]
-8.027467564185711e+02 2.519379458167698e+03 8.331442626937486e+02 [2.772328366488611e+03]
-8.027448670366791e+02 2.519382258403277e+03 8.331354454535204e+02 [2.772327714391278e+03]
-8.027429776413890e+02 2.519385058616909e+03 8.331266282060893e+02 [2.772327062299962e+03]
-8.027410882326950e+02 2.519387858808588e+03 8.331178109514811e+02 [2.772326410214663e+03]
-8.027089662335468e+02 2.519435458709811e+03 8.329679165209080e+02 [2.772315325685234e+03]
-8.027070765835284e+02 2.519438258506500e+03 8.329590991366396e+02 [2.772314673708247e+03]
