-1.223305583186207e+03
-1.223348397736412e+03
-1.223391134453111e+03
-1.223433854028948e+03
-1.223476570456463e+03
-1.223519420337833e+03
-1.223562055958427e+03
-1.223604794774007e+03
-1.223647403109147e+03
-1.223690454658006e+03
-1.223733049350419e+03
-1.223775769450976e+03
-1.223818642944758e+03
-1.223861233264503e+03
-1.223904127572188e+03
-1.223946761443715e+03
-1.223989652428172e+03
-1.224032431297399e+03
-1.224074808930529e+03
-1.224117689420581e+03
-1.224160437331312e+03
-1.224203160755097e+03
-1.224245915662099e+03
-1.224288894624654e+03
-1.224331494739177e+03
-1.224374355464766e+03
-1.224417144653491e+03
-1.224459702265672e+03
-1.224502330190369e+03
-1.224545163105784e+03
-1.224588035200311e+03
-1.224630741133421e+03
-1.224673403164935e+03
-1.224716225935758e+03
-1.224758932568495e+03
-1.224801672958236e+03
-1.224844471591926e+03
-1.224887250810966e+03
-1.224929965139601e+03
-1.224972523976129e+03
-1.225015380853769e+03
-1.225058213594277e+03
-1.225100994387478e+03
-1.225143707316858e+03
-1.225186289066171e+03
-1.225229202963414e+03
-1.225271735214115e+03
-1.225314795683219e+03
-1.225357277036054e+03
-1.225400058179069e+03
-1.225442985544132e+03
-1.225485746922683e+03
-1.225528389014827e+03
-1.225571072035152e+03
-1.225613894456161e+03
-1.225656635720436e+03
-1.225699212397453e+03
-1.225742121222400e+03
-1.225784872631266e+03
-1.225827573666987e+03
-1.225870234124340e+03
-1.225913100796758e+03
-1.225955836114203e+03
-1.225998646291739e+03
-1.226041392103589e+03
-1.226084143687363e+03
-1.226126867810775e+03
-1.226169467575484e+03
-1.226212331624301e+03
-1.226255169262198e+03
-1.226297804358072e+03
-1.226340526207696e+03
-1.226383246308254e+03
-1.226426031124310e+03
-1.226468780609202e+03
-1.226511578018545e+03
-1.226554293046807e+03
-1.226597050402503e+03
-1.226639825248874e+03
-1.226682552170795e+03
-1.226725273495699e+03
-1.226768090494599e+03
-1.226810658076465e+03
-1.226853507083301e+03
-1.226896228408205e+03
-1.226939064996662e+03
-1.226981827949374e+03
-1.227024535981365e+03
-1.227067257656083e+03
-1.227110070981940e+03
-1.227152769219153e+03
-1.227195518354232e+03
-1.227238244576525e+03
-1.227280997909366e+03
-1.227323748793512e+03
-1.227366443532589e+03
-1.227409318950346e+03
-1.227451937430077e+03
-1.227494659104795e+03
-1.227537462635875e+03
-1.227580277011173e+03
-1.227623051857545e+03
-1.227665823905408e+03
-1.227708391837088e+03
-1.227751185748296e+03
-1.227794001872662e+03
-1.227836696611739e+03
-1.227879491047668e+03
-1.227922202402887e+03
-1.227964964655972e+03
-1.228007741076505e+03
-1.228050474644882e+03
-1.228093226578468e+03
-1.228135908024632e+03
-1.228178679897589e+03
-1.228221501618971e+03
-1.228264203529226e+03
-1.228306944268780e+03
-1.228349690255537e+03
-1.228392482592584e+03
-1.228435201468794e+03
-1.228477967744734e+03
-1.228520674027658e+03
-1.228563437330183e+03
-1.228606173697069e+03
-1.228648906565819e+03
-1.228691677214428e+03
-1.228734487566872e+03
-1.228777155545215e+03
-1.228819935638790e+03
-1.228862744766885e+03
-1.228905454023224e+03
-1.228948152610250e+03
-1.228991025054591e+03
-1.229033620446631e+03
-1.229076397566791e+03
-1.229119221212147e+03
-1.229161897061295e+03
-1.229204713010754e+03
-1.229247414746102e+03
-1.229290179972602e+03
-1.229332903396387e+03
-1.229375683489962e+03
-1.229418403940332e+03
-1.229461224262460e+03
-1.229504005055662e+03
-1.229546673383819e+03
-1.229589390161148e+03
-1.229632109037357e+03
-1.229674921138868e+03
-1.229717718198398e+03
-1.229760369035879e+03
-1.229803097531961e+03
-1.229845968052328e+03
-1.229888709491509e+03
-1.229931499379862e+03
-1.229974180651119e+03
-1.230016896553914e+03
-1.230059746610190e+03
-1.230102389052148e+03
-1.230145140985735e+03
-1.230187906212235e+03
-1.230230680009166e+03
-1.230273425296295e+03
-1.230316138575489e+03
-1.230358928988562e+03
-1.230401683895563e+03
-1.230444397874384e+03
-1.230487152956292e+03
-1.230529960160414e+03
-1.230572659447067e+03
-1.230615464027587e+03
-1.230658157192503e+03
-1.230700855079903e+03
-1.230743753060630e+03
-1.230786439229277e+03
-1.230829114728611e+03
-1.230871914411742e+03
-1.230914673866319e+03
-1.230957448887597e+03
-1.231000155870148e+03
-1.231042957302346e+03
-1.231085643820806e+03
-1.231128435982947e+03
-1.231171163429588e+03
-1.231213905743303e+03
-1.231256719418974e+03
-1.231299403488739e+03
-1.231342154197979e+03
-1.231384969447811e+03
-1.231427705115069e+03
-1.231470395306571e+03
-1.231513182046602e+03
-1.231555939227391e+03
-1.231598740309776e+03
-1.231641437497548e+03
-1.231684220739444e+03
-1.231726961828812e+03
-1.231769614240454e+03
-1.231812408151662e+03
-1.231855218329199e+03
-1.231897964665769e+03
-1.231940725169787e+03
-1.231983423581906e+03
-1.232026216268767e+03
-1.232068947213543e+03
-1.232111688652724e+03
-1.232154381992547e+03
-1.232197241143975e+03
-1.232239936757587e+03
-1.232282659481745e+03
-1.232325491697532e+03
-1.232368282285512e+03
-1.232410915457411e+03
-1.232453748372826e+03
-1.232496454480843e+03
-1.232539285472283e+03
-1.232581924066292e+03
-1.232624731795133e+03
-1.232667405545400e+03
-1.232710258225278e+03
-1.232752955587957e+03
-1.232795690905402e+03
-1.232838438116506e+03
-1.232881244096280e+03
-1.232924041680530e+03
-1.232966713681729e+03
-1.233009483105991e+03
-1.233052225944426e+03
-1.233094935375671e+03
-1.233137783682881e+03
-1.233180528795104e+03
-1.233223312211906e+03
-1.233266044730843e+03
-1.233308760983452e+03
-1.233351449950606e+03
-1.233394109183612e+03
-1.233437055788418e+03
-1.233479775714068e+03
-1.233522528347282e+03
-1.233565314212779e+03
-1.233607916076369e+03
-1.233650862681175e+03
-1.233693498476676e+03
-1.233736271399073e+03
-1.233779052891901e+03
-1.233821802551700e+03
-1.233864417008577e+03
-1.233907253072313e+03
-1.233950022496575e+03
-1.233992877275334e+03
-1.234035577786334e+03
-1.234078370473195e+03
-1.234121052444079e+03
-1.234163810674309e+03
-1.234206471831289e+03
-1.234249262244362e+03
-1.234292026071608e+03
-1.234334905337313e+03
-1.234377575589445e+03
-1.234420356032833e+03
-1.234463054444952e+03
-1.234505773496069e+03
-1.234548532076112e+03
-1.234591394900581e+03
-1.234634109054309e+03
-1.234676776158119e+03
-1.234719539635551e+03
-1.234762341592470e+03
-1.234805111716360e+03
-1.234847906502101e+03
-1.234890622579803e+03
-1.234933364543704e+03
-1.234976122948841e+03
-1.235018771687442e+03
-1.235061689607539e+03
-1.235104258063939e+03
-1.235147207991973e+03
-1.235189782919923e+03
-1.235232697516793e+03
-1.235275380712024e+03
-1.235318344982412e+03
-1.235360790304456e+03
-1.235403573896165e+03
-1.235446401739284e+03
-1.235489292199021e+03
-1.235531902807949e+03
-1.235574507644954e+03
-1.235617511444269e+03
-1.235660141992567e+03
-1.235702985577294e+03
-1.235745704453504e+03
-1.235788373481288e+03
-1.235831218640175e+03
-1.235873861082133e+03
-1.235916794394025e+03
-1.235959442957719e+03
-1.236002068433721e+03
-1.236045085700856e+03
-1.236087697359225e+03
-1.236130499491050e+03
-1.236173237432097e+03
-1.236216049183794e+03
-1.236258660842162e+03
-1.236301436388161e+03
-1.236344369700053e+03
-1.236387056568327e+03
-1.236429759003301e+03
-1.236472620953237e+03
-1.236515170169894e+03
-1.236558051009760e+03
-1.236600695200785e+03
-1.236643561173576e+03
-1.236686299639342e+03
-1.236728984058921e+03
-1.236771726722450e+03
-1.236814629250753e+03
-1.236857379085459e+03
-1.236900100935083e+03
-1.236942731658288e+03
-1.236985441964067e+03
-1.237028311260087e+03
-1.237071211514602e+03
-1.237113908177654e+03
-1.237156696841659e+03
-1.237199170848411e+03
-1.237242141940162e+03
-1.237284756921759e+03
-1.237327705975260e+03
-1.237370409459675e+03
-1.237413066768707e+03
-1.237455983289550e+03
-1.237498613313128e+03
-1.237541341459396e+03
-1.237584105111735e+03
-1.237626907418468e+03
-1.237669688386576e+03
-1.237712434898053e+03
-1.237755151850288e+03
-1.237797827699436e+03
-1.237840630181075e+03
-1.237883378091806e+03
-1.237926291289422e+03
-1.237968990051355e+03
-1.238011694410304e+03
-1.238054516831313e+03
-1.238097191805927e+03
-1.238139934469456e+03
-1.238182719810232e+03
-1.238225560246638e+03
-1.238268211958653e+03
-1.238310989603533e+03
-1.238353734365942e+03
-1.238396478603632e+03
-1.238439230012498e+03
-1.238482071148530e+03
-1.238524761165125e+03
-1.238567538285285e+03
-1.238610286370922e+03
-1.238653016091351e+03
-1.238695808603305e+03
-1.238738545844724e+03
-1.238781296903777e+03
-1.238824109005288e+03
-1.238866837151556e+03
-1.238909615670969e+03
-1.238952282424965e+03
-1.238995135979377e+03
-1.239037864825272e+03
-1.239080597868929e+03
-1.239123371316047e+03
-1.239166108907279e+03
-1.239208904042835e+03
-1.239251619420909e+03
-1.239294382373621e+03
-1.239337127835658e+03
-1.239379939237542e+03
-1.239422633276992e+03
-1.239465396229704e+03
-1.239508120528023e+03
-1.239550900446691e+03
-1.239593716046337e+03
-1.239636455386637e+03
-1.239679240027787e+03
-1.239721924097552e+03
-1.239764711712117e+03
-1.239807478162964e+03
-1.239850257906725e+03
-1.239892984653739e+03
-1.239935686738900e+03
-1.239978524201890e+03
-1.240021271587901e+03
-1.240063986266349e+03
-1.240106759188746e+03
-1.240149539981947e+03
-1.240192298911804e+03
-1.240235028282419e+03
-1.240277806976740e+03
-1.240320569229825e+03
-1.240363303672736e+03
-1.240406057530297e+03
-1.240448778505388e+03
-1.240491630485638e+03
-1.240534369825938e+03
-1.240577061766508e+03
-1.240619872818578e+03
-1.240662587671932e+03
-1.240705384731462e+03
-1.240748106930900e+03
-1.240790891222236e+03
-1.240833658547618e+03
-1.240876394389783e+03
-1.240919175882611e+03
-1.240961897732236e+03
-1.241004665232524e+03
-1.241047475759873e+03
-1.241090157730757e+03
-1.241132985573876e+03
-1.241175637285892e+03
-1.241218509030606e+03
-1.241261178583111e+03
-1.241303948182280e+03
-1.241346718306169e+03
-1.241389558567667e+03
-1.241432285489588e+03
-1.241474980578479e+03
-1.241517805098369e+03
-1.241560501761421e+03
-1.241603282729529e+03
-1.241645999331951e+03
-1.241688817555198e+03
-1.241731545701465e+03
-1.241774349057638e+03
-1.241817086823778e+03
-1.241859804300733e+03
-1.241902602759517e+03
-1.241945319361939e+03
-1.241988126740967e+03
-1.242030889343866e+03
-1.242073642501800e+03
-1.242116400032402e+03
-1.242159105265885e+03
-1.242201892530637e+03
-1.242244622950692e+03
-1.242287387477565e+03
-1.242330188035230e+03
-1.242372947839621e+03
-1.242415707993825e+03
-1.242458469372376e+03
-1.242501193670695e+03
-1.242543994228360e+03
-1.242586717477239e+03
-1.242629469410825e+03
-1.242672234287512e+03
-1.242714963308313e+03
-1.242757830330545e+03
-1.242800524719809e+03
-1.242843270356753e+03
-1.242885983461040e+03
-1.242928793988389e+03
-1.242971591397732e+03
