-3.078324375751500e+03
-3.078350062732556e+03
-3.078375749538704e+03
-3.078401435995040e+03
-3.078427121227027e+03
-3.078452807858270e+03
-3.078478492565537e+03
-3.078504177272805e+03
-3.078529861280446e+03
-3.078555544938273e+03
-3.078581228421193e+03
-3.078606911204487e+03
-3.078632594337594e+03
-3.078658276421260e+03
-3.078683957980206e+03
-3.078709638664619e+03
-3.078735320223564e+03
-3.078760999858536e+03
-3.078786681067669e+03
-3.078812360177921e+03
-3.078838039113265e+03
-3.078863717523890e+03
-3.078889396634141e+03
-3.078915073820418e+03
-3.078940751531416e+03
-3.078966428018066e+03
-3.078992105204343e+03
-3.079017781690994e+03
-3.079043456953296e+03
-3.079069132040693e+03
-3.079094807477902e+03
-3.079120481865672e+03
-3.079146155553814e+03
-3.079171829067049e+03
-3.079197503105005e+03
-3.079223175568799e+03
-3.079248848032594e+03
-3.079274519446948e+03
-3.079300191036210e+03
-3.079325862450564e+03
-3.079351532465664e+03
-3.079377203355298e+03
-3.079402873545305e+03
-3.079428542336058e+03
-3.079454211301718e+03
-3.079479880092470e+03
-3.079505547833783e+03
-3.079531215924909e+03
-3.079556882791688e+03
-3.079582550533000e+03
-3.079608216000524e+03
-3.079633881817862e+03
-3.079659547810108e+03
-3.079685212927819e+03
-3.079710877695716e+03
-3.079736541938893e+03
-3.079762206007164e+03
-3.079787869725621e+03
-3.079813532044824e+03
-3.079839194888747e+03
-3.079864856858137e+03
-3.079890519177340e+03
-3.079916179922382e+03
-3.079941841367051e+03
-3.079967501412466e+03
-3.079993161282975e+03
-3.080018821503296e+03
-3.080044480499271e+03
-3.080070139145432e+03
-3.080095797616686e+03
-3.080121455388314e+03
-3.080147113334848e+03
-3.080172769882128e+03
-3.080198426604315e+03
-3.080224082801781e+03
-3.080249738999248e+03
-3.080275393972367e+03
-3.080301049120393e+03
-3.080326703743699e+03
-3.080352358017191e+03
-3.080378011066336e+03
-3.080403664465294e+03
-3.080429317864253e+03
-3.080454969863957e+03
-3.080480621688755e+03
-3.080506273863366e+03
-3.080531925163443e+03
-3.080557574889360e+03
-3.080583225314903e+03
-3.080608875565541e+03
-3.080634524941644e+03
-3.080660173793026e+03
-3.080685822819315e+03
-3.080711470446351e+03
-3.080737118773014e+03
-3.080762765350609e+03
-3.080788412452924e+03
-3.080814059205426e+03
-3.080839705258300e+03
-3.080865350786455e+03
-3.080890995614982e+03
-3.080916640968230e+03
-3.080942284572410e+03
-3.080967929400937e+03
-3.080993572830211e+03
-3.081019215559857e+03
-3.081044857589876e+03
-3.081070500494429e+03
-3.081096141999728e+03
-3.081121783854841e+03
-3.081147424310700e+03
-3.081173065116372e+03
-3.081198705397323e+03
-3.081224344279021e+03
-3.081249984385066e+03
-3.081275622567137e+03
-3.081301261798648e+03
-3.081326899106185e+03
-3.081352536763535e+03
-3.081378173546352e+03
-3.081403811028796e+03
-3.081429446937078e+03
-3.081455082320641e+03
-3.081480718054017e+03
-3.081506353612487e+03
-3.081531987421888e+03
-3.081557621930917e+03
-3.081583255390505e+03
-3.081608889199907e+03
-3.081634521610055e+03
-3.081660154020203e+03
-3.081685786430351e+03
-3.081711418140871e+03
-3.081737049151765e+03
-3.081762679637938e+03
-3.081788309774298e+03
-3.081813939735751e+03
-3.081839569697204e+03
-3.081865198434311e+03
-3.081890827171416e+03
-3.081916455383802e+03
-3.081942083421281e+03
-3.081967710409319e+03
-3.081993337397357e+03
-3.082018963685769e+03
-3.082044590323993e+03
-3.082070215562964e+03
-3.082095840976842e+03
-3.082121465516186e+03
-3.082147090230436e+03
-3.082172713895246e+03
-3.082198337909869e+03
-3.082223960175425e+03
-3.082249583840235e+03
-3.082275205406164e+03
-3.082300827496813e+03
-3.082326448538022e+03
-3.082352070278858e+03
-3.082377690445533e+03
-3.082403310262394e+03
-3.082428930429069e+03
-3.082454549721210e+03
-3.082480168313724e+03
-3.082505786556424e+03
-3.082531405148938e+03
-3.082557022692012e+03
-3.082582639185645e+03
-3.082608256553812e+03
-3.082633872522724e+03
-3.082659489016357e+03
-3.082685103061296e+03
-3.082710719205115e+03
-3.082736334124587e+03
-3.082761947644805e+03
-3.082787561864650e+03
-3.082813174685242e+03
-3.082838788030553e+03
-3.082864400676237e+03
-3.082890011747761e+03
-3.082915624393445e+03
-3.082941235464969e+03
-3.082966845487052e+03
-3.082992456208762e+03
-3.083018066405752e+03
-3.083043675903114e+03
-3.083069285050663e+03
-3.083094894023306e+03
-3.083120501596694e+03
-3.083146109869710e+03
-3.083171716568565e+03
-3.083197323792139e+03
-3.083222930490994e+03
-3.083248536490222e+03
-3.083274142664356e+03
-3.083299747963957e+03
-3.083325351689396e+03
-3.083350956988997e+03
-3.083376560539530e+03
-3.083402164090063e+03
-3.083427767290783e+03
-3.083453370316596e+03
-3.083478972642781e+03
-3.083504574619154e+03
-3.083530175895899e+03
-3.083555776647924e+03
-3.083581377749762e+03
-3.083606977452347e+03
-3.083632577329838e+03
-3.083658176332795e+03
-3.083683775860473e+03
-3.083709374163803e+03
-3.083734971417693e+03
-3.083760570245744e+03
-3.083786166625100e+03
-3.083811763529176e+03
-3.083837359908532e+03
-3.083862955413354e+03
-3.083888551617804e+03
-3.083914146422999e+03
-3.083939740878381e+03
-3.083965334983949e+03
-3.083990928914611e+03
-3.084016522670365e+03
-3.084042115376680e+03
-3.084067707908087e+03
-3.084093299914774e+03
-3.084118891921461e+03
-3.084144483228521e+03
-3.084170073835955e+03
-3.084195663918667e+03
-3.084221254001380e+03
-3.084246843384466e+03
-3.084272432942459e+03
-3.084298020926291e+03
-3.084323610309376e+03
-3.084349197243768e+03
-3.084374784702879e+03
-3.084400371812177e+03
-3.084425958396755e+03
-3.084451544981333e+03
-3.084477130516470e+03
-3.084502715526887e+03
-3.084528300537303e+03
-3.084553884673187e+03
-3.084579469508697e+03
-3.084605051720606e+03
-3.084630636381209e+03
-3.084656218068398e+03
-3.084681800630120e+03
-3.084707382317309e+03
-3.084732964529217e+03
-3.084758544817152e+03
-3.084784125804714e+03
-3.084809705567928e+03
-3.084835286030769e+03
-3.084860865094357e+03
-3.084886443633223e+03
-3.084912022346997e+03
-3.084937600536051e+03
-3.084963177850570e+03
-3.084988755339997e+03
-3.085014332304703e+03
-3.085039908219969e+03
-3.085065484659955e+03
-3.085091059525780e+03
-3.085116635266138e+03
-3.085142209607243e+03
-3.085167784123255e+03
-3.085193357589826e+03
-3.085218931056397e+03
-3.085244504348062e+03
-3.085270076415378e+03
-3.085295648657602e+03
-3.085321220375106e+03
-3.085346791218075e+03
-3.085372362585766e+03
-3.085397932554201e+03
-3.085423502872451e+03
-3.085449073015794e+03
-3.085474641060255e+03
-3.085500210329064e+03
-3.085525778373526e+03
-3.085551346942708e+03
-3.085576913762822e+03
-3.085602481282564e+03
-3.085628046878330e+03
-3.085653613873351e+03
-3.085679179119305e+03
-3.085704744715072e+03
-3.085730309611212e+03
-3.085755873807725e+03
-3.085781438354052e+03
-3.085807001676031e+03
-3.085832564648197e+03
-3.085858127445455e+03
-3.085883690592528e+03
-3.085909252165440e+03
-3.085934812514004e+03
-3.085960374611636e+03
-3.085985935310014e+03
-3.086011494609138e+03
-3.086037055132609e+03
-3.086062614781546e+03
-3.086088173206136e+03
-3.086113731280913e+03
-3.086139290055316e+03
-3.086164847430466e+03
-3.086190404455802e+03
-3.086215961656045e+03
-3.086241517806847e+03
-3.086267074132556e+03
-3.086292628709197e+03
-3.086318184685093e+03
-3.086343738737014e+03
-3.086369293138749e+03
-3.086394847365577e+03
-3.086420400892778e+03
-3.086445953895258e+03
-3.086471505673392e+03
-3.086497058151152e+03
-3.086522609929285e+03
-3.086548161182699e+03
-3.086573711911391e+03
-3.086599262465177e+03
-3.086624812494243e+03
-3.086650362523309e+03
-3.086675911153121e+03
-3.086701459608026e+03
-3.086727008412744e+03
-3.086752556517836e+03
-3.086778103573487e+03
-3.086803650454231e+03
-3.086829196635348e+03
-3.086854743865906e+03
-3.086880288472862e+03
-3.086905834828886e+03
-3.086931378911122e+03
-3.086956923692985e+03
-3.086982468125035e+03
-3.087008011157830e+03
-3.087033554365532e+03
-3.087059097748142e+03
-3.087084639556590e+03
-3.087110181714851e+03
-3.087135722998580e+03
-3.087161264282307e+03
-3.087186805041315e+03
-3.087212345100696e+03
-3.087237884635357e+03
-3.087263424344924e+03
-3.087288963704677e+03
-3.087314501140457e+03
-3.087340039800583e+03
-3.087365577236363e+03
-3.087391114847049e+03
-3.087416651583201e+03
-3.087442187794633e+03
-3.087467724355879e+03
-3.087493258993150e+03
-3.087518794504955e+03
-3.087544329142227e+03
-3.087569863254778e+03
-3.087595397192422e+03
-3.087620930955160e+03
-3.087646463668456e+03
-3.087671996031940e+03
-3.087697528045610e+03
-3.087723060059280e+03
-3.087748591548229e+03
-3.087774122162645e+03
-3.087799652427248e+03
-3.087825183391477e+03
-3.087850711907012e+03
-3.087876241297080e+03
-3.087901770337336e+03
-3.087927298328150e+03
-3.087952825969151e+03
-3.087978353785059e+03
-3.088003880376620e+03
-3.088029407143087e+03
-3.088054933909554e+03
-3.088080459101860e+03
-3.088105984469074e+03
-3.088131509311567e+03
-3.088157033629339e+03
-3.088182557947112e+03
-3.088208081565258e+03
-3.088233604658683e+03
-3.088259127402295e+03
-3.088284650145907e+03
-3.088310171665172e+03
-3.088335693534250e+03
-3.088361214004074e+03
-3.088386735523339e+03
-3.088412254768815e+03
-3.088437775238639e+03
-3.088463293609582e+03
-3.088488814254313e+03
-3.088514331575816e+03
-3.088539849771852e+03
-3.088565367443168e+03
-3.088590885114484e+03
-3.088616401561453e+03
-3.088641918358235e+03
-3.088667433930670e+03
-3.088692949503105e+03
-3.088718465250446e+03
-3.088743979248720e+03
-3.088769493246994e+03
-3.088795007420175e+03
-3.088820521243543e+03
-3.088846033842563e+03
-3.088871545916862e+03
-3.088897058690789e+03
-3.088922570415275e+03
-3.088948081265228e+03
-3.088973592115181e+03
-3.088999102965133e+03
-3.089024612765645e+03
-3.089050122041437e+03
-3.089075631142322e+03
-3.089101140593020e+03
-3.089126648119744e+03
-3.089152156346096e+03
-3.089177664047726e+03
